parent	child
0001507	0000002
0000001	0000005
0000005	0000006
0000005	0000007
0000119	0000078
0000119	0000079
0000078	0000080
0003110	0000093
0000002	0000098
0000001	0000118
0000118	0000119
0000858	0000132
0001892	0000132
0012243	0000132
0000080	0000135
0008373	0000135
0000118	0000152
0000271	0000223
0012638	0000223
0000271	0000225
0001892	0000225
0000152	0000234
0000234	0000271
0000271	0000291
0009124	0000291
0000301	0000297
0003808	0000297
0000271	0000301
0003011	0000301
0000301	0000317
0100022	0000317
0000271	0000338
0000301	0000338
0000598	0000356
0000356	0000357
0000598	0000359
0000364	0000360
0000598	0000364
0000364	0000365
0000598	0000370
0000356	0000372
0000356	0000377
0000370	0000388
0012647	0000388
0000271	0000421
0001892	0000421
0000152	0000464
0000464	0000465
0001324	0000467
0011006	0000467
0000464	0000468
0009126	0000468
0000464	0000470
0009121	0000470
0000464	0000472
0011006	0000473
0011442	0000473
0100022	0000473
0000464	0000474
0011425	0000474
0000464	0000475
0000464	0000476
0000118	0000478
0012373	0000496
0012373	0000501
0012373	0000504
0012373	0000508
0012373	0000539
0012374	0000559
0100699	0000559
0000118	0000598
0000234	0000600
0012373	0000632
0000271	0000682
3000050	0000682
0000271	0000703
3000050	0000703
0000118	0000707
0012638	0000708
0012639	0000759
0000118	0000769
0000769	0000771
0003011	0000775
0000775	0000776
0100790	0000776
0000818	0000777
0100763	0000777
0000079	0000809
0001939	0000816
0000118	0000818
0000818	0000819
0011014	0000819
0000818	0000820
0011025	0000822
0001510	0000823
0008373	0000823
0003117	0000824
0012503	0000824
0000818	0000828
0000819	0000831
0011014	0000831
0000818	0000834
0008373	0000840
0000847	0000841
0000818	0000847
0000847	0000848
0008373	0000858
0000873	0000863
0012503	0000863
0000818	0000864
0000818	0000873
0000118	0000924
0011843	0000927
0000234	0000929
0009121	0000929
0001367	0000934
0010766	0000934
0100685	0000934
0011842	0000943
0001574	0000951
0002795	0000961
0011121	0000961
0011032	0000969
0025276	0000970
0011138	0000971
0011121	0000987
0100699	0000987
0009124	0001001
0011121	0001001
0002817	0001155
0001197	0001194
0010881	0001195
0010948	0001195
0011425	0001195
0000118	0001197
0040064	0001218
0012638	0001250
0011025	0001279
0011804	0001281
0001324	0001283
0012638	0001283
0012638	0001298
0012638	0001311
0012638	0001315
0011804	0001324
0011842	0001367
0001367	0001371
0003549	0001371
0011805	0001371
0100261	0001371
0002012	0001392
0010985	0001417
0001417	0001419
0001417	0001423
0000005	0001425
0000005	0001426
0000005	0001427
0000005	0001428
0002814	0001437
0009127	0001437
0025031	0001438
0001428	0001442
0001469	0001443
0000006	0001444
0001469	0001445
0002817	0001446
0009127	0001446
0010985	0001450
0000006	0001452
0001466	0001452
0002817	0001454
0000005	0001466
0003011	0001469
0000006	0001470
0001469	0001471
0000005	0001472
0001470	0001475
0008049	0001491
0000118	0001507
0001507	0001510
0001510	0001511
0011420	0001522
0040064	0001528
0100555	0001528
0010991	0001540
0001438	0001541
0004298	0001551
0001197	0001557
0001557	0001558
0001197	0001560
0001560	0001561
0001560	0001562
0001560	0001563
0000118	0001574
0011138	0001595
0011138	0001597
0000118	0001608
0001608	0001609
0001608	0001611
0001608	0001612
0001609	0001615
0001608	0001618
0011446	0001618
0001608	0001620
0001608	0001621
0001197	0001622
0001787	0001623
0000118	0001626
0030680	0001627
0011025	0001635
0001608	0001686
0011025	0001693
0011420	0001699
0002012	0001732
0002012	0001743
0100763	0001743
0002814	0001760
0001197	0001787
0001787	0001788
0000969	0001789
0001197	0001789
0001789	0001790
0001197	0001791
0001541	0001791
0001218	0001868
0001760	0001868
0000118	0001871
0001871	0001872
0001871	0001881
0010987	0001881
0001871	0001892
0001977	0001907
0001881	0001909
0004377	0001909
0010935	0001917
0011034	0001917
0001871	0001928
0001892	0001933
0011276	0001933
0001892	0001934
0000118	0001939
0004360	0001941
0011032	0001944
0004370	0001945
0001939	0001946
0004360	0001948
0004364	0001951
0000819	0001953
0001993	0001953
0000364	0001963
0000234	0001965
0001871	0001977
0001871	0001978
0012537	0001984
0001941	0001993
0001946	0001993
0012639	0002011
0025031	0002012
0012638	0002015
0012719	0002015
0011458	0002027
0012531	0002027
0012718	0002036
0100790	0002036
0004370	0002045
0004370	0002046
0004370	0002047
0000118	0002086
0012252	0002087
0012252	0002088
0002795	0002091
0002795	0002093
0002795	0002094
0002795	0002099
0100326	0002099
0010876	0002152
0004364	0002157
0000464	0002162
0001595	0002162
0001965	0002162
0012638	0002200
0410008	0002270
0012638	0002315
0012638	0002483
0011804	0002486
0000301	0002491
0003808	0002491
0011442	0002491
0003808	0002509
0009127	0002509
0011442	0002509
0002011	0002514
0010766	0002514
0001315	0002522
0002814	0002522
0012638	0002524
0004404	0002558
0004404	0002562
0003011	0002578
0012718	0002578
0002012	0002585
0001626	0002597
0001315	0002600
0002814	0002600
0011025	0002615
0002597	0002624
0001977	0002641
0011842	0002652
0011843	0002653
0012531	0002653
0011843	0002659
0000118	0002664
0004377	0002665
0001197	0002686
0000118	0002715
0010978	0002719
0010978	0002721
0100763	0002733
0011843	0002754
0012647	0002754
0011842	0002763
0002087	0002787
0010766	0002787
0002795	0002792
0002795	0002793
0002086	0002795
0001371	0002803
0011844	0002813
0040068	0002813
0040064	0002814
0040064	0002817
0001371	0002828
0012531	0002829
0010766	0002832
0002795	0002835
0009728	0002859
0100242	0002859
0011792	0002861
0004377	0002863
0001732	0002894
0011793	0002894
0011792	0002898
0001939	0002904
0002904	0002908
0003110	0002913
0011017	0002916
0003110	0002919
0000820	0002926
0008373	0002929
0004354	0002932
0010978	0002958
0010978	0002960
0002817	0002973
0002814	0002981
0100013	0003002
0001892	0003010
0000118	0003011
0010876	0003075
0003119	0003077
0003119	0003107
0001939	0003110
0011277	0003110
0001939	0003111
0011025	0003115
0011025	0003116
0000818	0003117
0001939	0003119
0001371	0003121
0003117	0003144
0003110	0003149
0004364	0003149
0003117	0003152
0003110	0003158
0003117	0003162
0010472	0003163
0003117	0003164
0012285	0003164
0003117	0003165
0100530	0003165
0004404	0003186
0010311	0003187
0011805	0003198
0011805	0003199
0011805	0003201
0011017	0003204
0004358	0003206
0000816	0003209
0000816	0003210
0011034	0003216
0011017	0003220
0011017	0003224
0010876	0003238
0010932	0003240
0011017	0003254
0001928	0003256
0011013	0003258
0002904	0003265
0001438	0003271
0001324	0003325
0009127	0003325
0012531	0003326
0011842	0003330
0001939	0003343
0000777	0003357
0004302	0003388
0012638	0003388
0011804	0003394
0009121	0003418
0012531	0003418
0003110	0003456
0011804	0003457
0010929	0003472
0012638	0003472
0003110	0003491
0012029	0003492
0100530	0003528
0003110	0003529
0001939	0003533
0000816	0003536
0003110	0003541
0011012	0003541
0003800	0003548
0000118	0003549
0011804	0003552
0002721	0003553
0100658	0003553
0011804	0003559
0011805	0003560
0025021	0003565
0001939	0003570
0002904	0003573
0003674	0003577
0003674	0003581
0003581	0003584
0011008	0003587
0003674	0003593
0003581	0003596
0003110	0003606
0003110	0003614
0003674	0003621
0003674	0003623
0003110	0003641
0001928	0003645
0011013	0003649
0004367	0003655
0012823	0003674
0003679	0003676
0003679	0003677
0003679	0003678
0012823	0003679
0003679	0003680
0003679	0003682
0003800	0003688
0001324	0003690
0009127	0003690
0011805	0003716
0011805	0003725
0003800	0003737
0000005	0003743
0003743	0003744
0000005	0003745
0011804	0003750
0011805	0003761
0002814	0003783
0009127	0003797
0030236	0003797
0003011	0003800
0011804	0003808
0011420	0003811
0012823	0003812
0011420	0003819
0011420	0003826
0003812	0003828
0003812	0003829
0003829	0003831
0002813	0003839
0002817	0003839
0011844	0003839
0002597	0004296
0012718	0004296
0025031	0004298
0010866	0004299
0100790	0004299
0011804	0004302
0011805	0004303
0012243	0004320
0100589	0004320
0010936	0004321
0100589	0004321
0000002	0004322
0001510	0004322
0001507	0004323
0004323	0004324
0004323	0004325
0001881	0004332
0004354	0004337
0100508	0004340
0001324	0004347
0002795	0004347
0010932	0004352
0010932	0004353
0001939	0004354
0004367	0004355
0011012	0004355
0011017	0004356
0001939	0004358
0003119	0004359
0001939	0004360
0003117	0004361
0001939	0004364
0011013	0004366
0001939	0004367
0001939	0004370
0011793	0004375
0012639	0004375
0001871	0004377
0011793	0004377
0012379	0004379
0004298	0004392
0000769	0004404
0004404	0004405
0000271	0004408
0012638	0004408
0001977	0004420
0001371	0004631
0000301	0004660
0100589	0004871
0000819	0004904
0011013	0004915
0002088	0004930
0002597	0004930
0001977	0004936
0001789	0005099
0001622	0005100
0001788	0005100
0001732	0005213
0010766	0005213
0001438	0005217
0001622	0005267
0001787	0005268
0002597	0005345
0010978	0005368
0004332	0005372
0011017	0005372
0001977	0005521
0004377	0005523
0001928	0005542
0010876	0005559
0001871	0005561
0009121	0005645
0010766	0005645
0001371	0005781
0001371	0005876
0002795	0005952
0002795	0005957
0004370	0005968
0000819	0005978
0000464	0005986
0011006	0005988
0000464	0005989
0011121	0005989
0001371	0005997
0005986	0005997
0002814	0006463
0003330	0006463
0012093	0006476
0002813	0006488
0002817	0006488
0011844	0006488
0002813	0006490
0002814	0006490
0011844	0006490
0002817	0006496
0045060	0006496
0002813	0006500
0002814	0006500
0011844	0006500
0002088	0006514
0010766	0006514
0002088	0006529
0100763	0006529
0002795	0006536
0001392	0006559
0010766	0006559
0009121	0006637
0010766	0006637
0009121	0006649
0012531	0006649
0001392	0006707
0002597	0006707
0004404	0006709
0011793	0006729
0011793	0006756
0007379	0006758
0004377	0006775
0007379	0006778
0004377	0006782
0004370	0006901
0001618	0007024
0002015	0007024
0002200	0007024
0011442	0007024
0011446	0007024
0003552	0007066
0009127	0007066
0003552	0007156
0009127	0007156
0040064	0007289
0100022	0007289
0002011	0007352
0010766	0007352
0011024	0007378
0011793	0007378
0000119	0007379
0011793	0007379
0025276	0007451
0025276	0007459
0001155	0007460
0001218	0007460
0025276	0007550
0010766	0007618
0011121	0007618
0008049	0007647
0012374	0007777
0100699	0007777
0010766	0007862
0012374	0007862
0008049	0007886
0002597	0008047
0012374	0008047
0000271	0008049
0003011	0008049
0000951	0008069
0011793	0008069
0002686	0008072
0001760	0008131
0003330	0008131
0010766	0008131
0040069	0008131
0003119	0008158
0002904	0008176
0008373	0008187
0008373	0008193
0008373	0008197
0008373	0008226
0011772	0008229
0100763	0008229
0008373	0008233
0002904	0008282
0003011	0008316
0012103	0008316
0100508	0008372
0000818	0008373
0009121	0008420
0010766	0008420
0000356	0008572
0000356	0008605
0000356	0008608
0000370	0008609
0010766	0008703
0012243	0008703
0002087	0008754
0010766	0008754
0000598	0008771
0000356	0008772
0008771	0008772
0008609	0008773
0008771	0008773
0008771	0008774
0011390	0008774
0001510	0008897
0001324	0008959
0002817	0008959
0000464	0008984
0030236	0008984
0003011	0008985
0009126	0008985
0009131	0009011
0001324	0009023
0010991	0009023
0003549	0009025
0009131	0009026
0009127	0009028
0001324	0009053
0002814	0009053
0003690	0009053
0001608	0009088
0000775	0009109
0000775	0009110
0000775	0009113
0001324	0009113
0011842	0009115
0011842	0009121
0003549	0009124
0009124	0009125
0009025	0009126
0009124	0009126
0003011	0009127
0040064	0009127
0009127	0009128
0030236	0009128
0003011	0009131
0003800	0009141
0002817	0009142
0001155	0009164
0003330	0009164
0009810	0009164
0010766	0009164
0100898	0009721
0003011	0009728
0011793	0009728
0009728	0009730
0011843	0009763
0012531	0009763
0000464	0009794
0000819	0009800
0002686	0009800
0000873	0009806
0002813	0009808
0002817	0009808
0011844	0009808
0002813	0009809
0002817	0009809
0011844	0009809
0001367	0009810
0002817	0009810
0009115	0009815
0040064	0009815
0009815	0009826
0009815	0009827
0009815	0009828
0009815	0009829
0011844	0009829
0000356	0009893
0011276	0009893
0001608	0010300
0000769	0010311
0000769	0010312
0000769	0010313
0000775	0010315
0010991	0010318
0011013	0010471
0001939	0010472
0010472	0010473
0012620	0010475
0100548	0010475
0010936	0010480
0012243	0010480
0100589	0010480
0002817	0010483
0011409	0010483
0002817	0010484
0002814	0010495
0011409	0010495
0002814	0010496
0002814	0010497
0010766	0010512
0011732	0010512
0000777	0010515
0000777	0010516
0000777	0010517
0001557	0010519
0011792	0010566
0012316	0010619
0100013	0010619
0100242	0010619
0011793	0010622
0011842	0010622
0000271	0010637
0011034	0010637
0003330	0010655
0010766	0010655
0011844	0010655
0002813	0010740
0003330	0010740
0010766	0010740
0011844	0010740
0000969	0010741
0002814	0010741
0000969	0010742
0002817	0010742
0000924	0010766
0007379	0010786
0000078	0010787
0007379	0010787
0004298	0010866
0001939	0010876
0000476	0010878
0010880	0010878
0000969	0010880
0001197	0010880
0001194	0010881
0009815	0010884
0011843	0010885
0100508	0010894
0003111	0010929
0001939	0010932
0000079	0010935
0000079	0010936
0000271	0010937
0000924	0010937
0010937	0010939
0010948	0010942
0011425	0010942
0011425	0010943
0010935	0010945
0011425	0010945
0010948	0010947
0001626	0010948
0010881	0010949
0010948	0010949
0002011	0010952
0011425	0010952
0011425	0010963
0003119	0010968
0001881	0010974
0002715	0010978
0001426	0010982
0001426	0010983
0001426	0010984
0000005	0010985
0002715	0010987
0003011	0010991
0004298	0010991
0004354	0010995
0004354	0010996
0002597	0011004
0000464	0011006
0003011	0011006
0012823	0011008
0011008	0011009
0011008	0011010
0011008	0011011
0011013	0011012
0001939	0011013
0011013	0011014
0003110	0011016
0011014	0011016
0001939	0011017
0011017	0011018
0011017	0011019
0010876	0011021
0025031	0011024
0001626	0011025
0011025	0011028
0001892	0011029
0011028	0011029
0001939	0011032
0011013	0011033
0001939	0011034
0003117	0011043
0010978	0011111
0000951	0011121
0000951	0011122
0011017	0011133
0001574	0011138
0010876	0011227
0002597	0011276
0011121	0011276
0000079	0011277
0003110	0011279
0003110	0011281
0000359	0011389
0000359	0011390
0001194	0011409
0001787	0011410
0001787	0011411
0001787	0011412
0001787	0011413
0040006	0011420
0011420	0011421
0003111	0011422
0001197	0011425
0011425	0011426
0011425	0011427
0011425	0011428
0011425	0011429
0011425	0011430
0011425	0011431
0002686	0011436
0002686	0011437
0002686	0011438
0012638	0011442
0012638	0011446
0000370	0011452
0025032	0011458
0030674	0011460
0030674	0011461
0003581	0011462
0003674	0011463
0030680	0011603
0012252	0011615
0002012	0011620
0030853	0011620
0011025	0011675
0010948	0011726
0012638	0011730
0000834	0011732
0000834	0011733
0000828	0011766
0000828	0011767
0000820	0011772
0002664	0011792
0002664	0011793
0003011	0011804
0003011	0011805
0004332	0011840
0011017	0011840
0000924	0011842
0000924	0011843
0011842	0011844
0004377	0011857
0001872	0011869
0001872	0011873
0001872	0011875
0001872	0011876
0001892	0011884
0011029	0011885
0012373	0011885
0001892	0011888
0001892	0011889
0001892	0011890
0001881	0011893
0010766	0011915
0030680	0011915
0003110	0011942
0003110	0011943
0009131	0011957
0011034	0011970
0010948	0012021
0010948	0012022
0000818	0012029
0002919	0012030
0012029	0012030
0001315	0012046
0002817	0012046
0001618	0012049
0100022	0012049
0011013	0012067
0003110	0012072
0003110	0012073
0003110	0012086
0003110	0012088
0000818	0012093
0001732	0012093
0003117	0012099
0004364	0012100
0011017	0012103
0003117	0012111
0010876	0012116
0005561	0012129
0005561	0012130
0005561	0012135
0005561	0012140
0005561	0012143
0005561	0012144
0005561	0012145
0004332	0012177
0011017	0012177
0010472	0012187
0002686	0012188
0010472	0012217
0011805	0012233
0011422	0012236
0040127	0012236
0004364	0012237
0010996	0012237
0040156	0012237
0010876	0012239
0011805	0012241
3000072	0012241
0008049	0012242
0000078	0012243
0002086	0012252
0012252	0012253
0002795	0012261
0000006	0012274
0000006	0012275
0001392	0012280
0011034	0012280
0000864	0012285
0002011	0012285
0012638	0012285
0011793	0012288
0011034	0012309
0011792	0012316
0001939	0012337
0012337	0012338
0011013	0012345
0000478	0012372
0000478	0012373
0012372	0012374
0025142	0012378
0001939	0012379
0012379	0012380
0001315	0012391
0002817	0012391
0012379	0012400
0003110	0012401
0003110	0012404
0002795	0012415
0001560	0012420
0012378	0012431
0012378	0012432
0012639	0012447
0003110	0012461
0009124	0012490
0012647	0012490
0001787	0012498
0000864	0012503
0002011	0012503
0010876	0012509
0012379	0012517
0025142	0012531
0012531	0012532
0012531	0012533
0012638	0012535
0001939	0012537
0001787	0012541
0001892	0012541
0003110	0012543
0002686	0012546
0011805	0012548
0003110	0012591
0003110	0012610
0003110	0012612
0003110	0012614
0000119	0012620
0010866	0012620
0012620	0012621
0012373	0012632
0000707	0012638
0000707	0012639
0012638	0012640
0010978	0012647
0012638	0012657
0000818	0012680
0002011	0012681
0012680	0012681
0012638	0012688
0012680	0012688
0025032	0012700
0012638	0012705
0011024	0012718
0025033	0012718
0011024	0012719
0025032	0012719
0002795	0012735
0012639	0012757
0012638	0012759
0002817	0012769
0000002	0012772
0000598	0012780
0011793	0012780
0000001	0012823
0012823	0012824
0012824	0012825
0012824	0012826
0012824	0012827
0012824	0012828
0012824	0012829
0012823	0012830
0012830	0012831
0012831	0012832
0012831	0012833
0012831	0012834
0012831	0012835
0012830	0012836
0012836	0012837
0012836	0012838
0012836	0012839
0012836	0012840
0008069	0012842
0011138	0012842
0000301	0012892
0030236	0012892
0011006	0012893
0030236	0012893
0012836	0020034
0002795	0025008
0002597	0025015
0010876	0025020
0001939	0025021
0025021	0025022
0000118	0025031
0025031	0025032
0025031	0025033
0002795	0025095
0001197	0025116
0012379	0025130
0012718	0025130
0003117	0025132
0008373	0025132
0000271	0025141
0010766	0025141
0000118	0025142
0025142	0025143
0025142	0025144
0025143	0025145
0025144	0025145
0011008	0025153
0025032	0025155
0025032	0025156
0011013	0025157
0001438	0025181
0010876	0025201
0012823	0025204
0025204	0025205
0025204	0025206
0025204	0025207
0025204	0025208
0025208	0025209
0025208	0025210
0025204	0025211
0025204	0025212
0025208	0025213
0025204	0025214
0025204	0025215
0025204	0025216
0025204	0025217
0025204	0025218
0025204	0025219
0025204	0025220
0025204	0025221
0025204	0025222
0025204	0025223
0025204	0025224
0025204	0025225
0025204	0025226
0025204	0025227
0025204	0025228
0025204	0025229
0011842	0025231
0012531	0025238
0012823	0025254
0025254	0025255
0025254	0025256
0025254	0025257
0012836	0025275
0001574	0025276
0025276	0025277
0025276	0025278
0011008	0025279
0012823	0025280
0025280	0025281
0025280	0025282
0025280	0025283
0025280	0025284
0012823	0025285
0025285	0025286
0012836	0025287
0012836	0025290
0012836	0025291
0012836	0025292
0012836	0025293
0012836	0025294
0012836	0025295
0012836	0025296
0011008	0025297
0011008	0025301
0011008	0025302
0011008	0025303
0025303	0025304
0011009	0025306
0011009	0025307
0011009	0025308
0025285	0025315
0025204	0025334
0010876	0025345
0000006	0025352
0000118	0025354
0011842	0025368
0001371	0030044
0011792	0030060
0100013	0030075
0100013	0030076
0008373	0030087
0030347	0030087
0001892	0030138
0001892	0030139
0000271	0030140
0001892	0030140
0011025	0030148
0011025	0030149
0012243	0030155
0012531	0030155
0002597	0030163
0011025	0030163
0025142	0030166
0011805	0030236
0002686	0030244
0011842	0030268
0012130	0030272
0012379	0030272
0003330	0030313
0040166	0030313
0000301	0030319
0003117	0030338
0003117	0030347
0003117	0030352
0001787	0030365
0001787	0030366
0001787	0030369
0001787	0030449
0012373	0030453
0012373	0030637
0012836	0030645
0012836	0030646
0012836	0030647
0012836	0030648
0012836	0030649
0012836	0030650
0012836	0030651
0003674	0030674
0001626	0030680
0003117	0030684
0003117	0030687
0011792	0030731
0001197	0030753
0009124	0030759
0000598	0030766
0012531	0030766
0012373	0030800
0002795	0030829
0012531	0030833
0012531	0030834
0012531	0030835
0012531	0030836
0012531	0030837
0012531	0030838
0012531	0030839
0012531	0030840
0012531	0030841
0011034	0030843
0001507	0030853
0011025	0030872
0002795	0030875
0030163	0030875
0002795	0030878
0002795	0030893
0001197	0030917
0030917	0030918
0030917	0030919
0012531	0030943
0012379	0030948
0011805	0030951
0000001	0040006
0000775	0040045
0009121	0040059
0010766	0040059
0009124	0040063
0000118	0040064
0000924	0040068
0040064	0040068
0002814	0040069
0040068	0040069
0002817	0040070
0040068	0040070
0000847	0040084
0000847	0040085
0000356	0040090
0000370	0040090
0000356	0040095
0012780	0040095
0000359	0040096
0012780	0040096
0000359	0040099
0000370	0040099
0000359	0040100
0000370	0040100
0000356	0040111
0000370	0040115
0001939	0040127
0040127	0040128
0001939	0040142
0004354	0040156
0012072	0040156
0004404	0040157
0040166	0040165
0000924	0040166
0000234	0040172
0003011	0040172
0000271	0040173
0003011	0040173
0040173	0040174
0012379	0040175
0003119	0040176
0100568	0040192
0004364	0040206
0004364	0040210
0003117	0040214
0002686	0040222
0001928	0040224
0001892	0040231
0003011	0040242
0011029	0040242
0000370	0040262
0012531	0040264
0000370	0040268
0002719	0040268
0100568	0040277
0000001	0040279
0040279	0040280
0040279	0040281
0040279	0040282
0040279	0040283
0040279	0040284
0040279	0040285
0003119	0045014
0045027	0045026
0000118	0045027
0000301	0045037
0012379	0045040
0010876	0045046
0010876	0045056
0002813	0045060
0009815	0045060
0004323	0045081
0008373	0100000
0011793	0100001
0011793	0100012
0012372	0100012
0000769	0100013
0011793	0100013
0002012	0100016
0012638	0100022
0011772	0100031
0100568	0100031
0011792	0100242
0002795	0100247
0003011	0100249
0010766	0100249
0011842	0100261
0001608	0100271
0000759	0100292
0011034	0100292
0010978	0100326
0001367	0100491
0002814	0100491
0001371	0100492
0100491	0100492
0004364	0100493
0003549	0100494
0010974	0100494
0100494	0100495
0001939	0100508
0100508	0100509
0100508	0100511
0100508	0100514
0000777	0100521
0011793	0100521
0002088	0100526
0100606	0100526
0002088	0100527
0100606	0100527
0003111	0100529
0001939	0100530
0012373	0100533
0012647	0100533
0003549	0100536
0012647	0100537
0100536	0100537
0001627	0100544
0011793	0100544
0004298	0100548
0001528	0100553
0010496	0100553
0100559	0100553
0001528	0100554
0010484	0100554
0100560	0100554
0001507	0100555
0009826	0100556
0100555	0100556
0002814	0100559
0100555	0100559
0002817	0100560
0100555	0100560
0000818	0100568
0011793	0100568
0000119	0100589
0012718	0100590
0100589	0100590
0002763	0100593
0010766	0100593
0002686	0100603
0000271	0100604
0011793	0100604
0002087	0100605
0100606	0100605
0002086	0100606
0011793	0100606
0002686	0100610
0004337	0100610
0011420	0100613
0011805	0100614
0012647	0100614
0002686	0100622
0000271	0100630
0000600	0100630
0100606	0100630
0011732	0100631
0100568	0100631
0000759	0100634
0004375	0100634
0100568	0100634
0000271	0100649
0011793	0100649
0000819	0100651
0003549	0100658
0002011	0100659
0002597	0100659
0003549	0100685
0100685	0100686
0000356	0100687
0003549	0100699
0000271	0100717
3000050	0100717
0002733	0100721
0045026	0100721
0001928	0100724
0011766	0100733
0100568	0100733
0002597	0100742
0011793	0100742
0000969	0100748
0011805	0100748
0009121	0100749
0012531	0100749
0001939	0100758
0002715	0100763
0010566	0100764
0100763	0100764
0100763	0100765
0002597	0100766
0100763	0100766
0001194	0100767
0011842	0100774
0010311	0100783
0003549	0100790
0000370	0100799
0012780	0100799
0010978	0100806
0100790	0100823
0001597	0100826
0011793	0100826
0000769	0100829
0100508	0100831
0000769	0100853
0002898	0100881
0003549	0100881
0010786	0100881
0010935	0100881
0003549	0100898
0011121	0100898
0009124	0200013
0011793	0200013
0000929	0200025
0012531	0200025
0012373	0200026
0012531	0200026
0001608	0200046
0012374	0200056
0100699	0200056
0001627	0200126
0011034	0200126
0000356	0400002
0011842	0410007
0000707	0410008
0410008	0410009
0000707	0410014
0410014	0410015
0410014	0410016
0000271	0430014
0003011	0430014
0000600	0430015
0003011	0430015
0430014	0430016
0000271	0430017
0430014	0430017
0000301	0430018
0000301	0430019
0000271	3000004
0040172	3000004
0000271	3000008
0000301	3000008
0040174	3000011
0430014	3000011
0430014	3000012
0430015	3000012
0000301	3000013
0001574	3000013
0011006	3000013
0000356	3000022
0410007	3000022
0000271	3000034
0010937	3000034
0410007	3000034
0000234	3000036
0002597	3000036
0000464	3000037
0002597	3000037
0011006	3000046
0000234	3000047
0000759	3000047
0000234	3000048
0000759	3000048
0002597	3000049
0000924	3000050
0003549	3000050
0000271	3000051
0003011	3000051
0011842	3000052
0000234	3000055
0000759	3000055
0008049	3000057
0008049	3000058
0002597	3000060
0000234	3000061
0000759	3000061
0040173	3000064
0000464	3000067
0002087	3000067
0003011	3000067
0008049	3000069
0000271	3000072
0008049	3000072
0430014	3000073
0000234	3000075
0000759	3000075
0011842	3000079
