source	target
0000001	0000002
0000001	0000003
0000001	0000004
0000001	0000005
0000001	0000006
0000001	0000007
0000001	0000008
0000001	0000009
0000001	0000010
0000001	0000011
0000001	0000013
0000001	0000014
0000001	0000015
0000001	0000018
0000001	0000021
0000001	0000037
0000001	0000042
0000001	0000043
0000001	0000044
0000001	0000049
0000002	0000003
0000002	0000004
0000002	0000005
0000002	0000006
0000002	0000007
0000002	0000009
0000002	0000011
0000002	0000016
0000002	0000027
0000002	0000029
0000002	0000030
0000002	0000034
0000002	0000037
0000002	0000041
0000002	0000049
0000002	0000053
0000002	0000057
0000002	0000080
0000002	0000084
0000002	0000096
0000003	0000004
0000003	0000005
0000003	0000006
0000003	0000007
0000003	0000008
0000003	0000009
0000003	0000010
0000003	0000012
0000003	0000013
0000003	0000015
0000003	0000017
0000003	0000018
0000003	0000027
0000003	0000028
0000003	0000029
0000003	0000034
0000003	0000043
0000003	0000052
0000003	0000067
0000003	0000071
0000003	0000078
0000003	0000084
0000003	0000085
0000004	0000005
0000004	0000006
0000004	0000007
0000004	0000008
0000004	0000009
0000004	0000010
0000004	0000011
0000004	0000012
0000004	0000013
0000004	0000034
0000004	0000049
0000004	0000053
0000004	0000059
0000004	0000068
0000004	0000081
0000005	0000006
0000005	0000007
0000005	0000008
0000005	0000009
0000005	0000011
0000005	0000012
0000005	0000013
0000005	0000016
0000005	0000022
0000005	0000026
0000005	0000027
0000005	0000034
0000005	0000042
0000005	0000055
0000005	0000058
0000005	0000065
0000005	0000076
0000006	0000007
0000006	0000008
0000006	0000009
0000006	0000010
0000006	0000011
0000006	0000014
0000006	0000022
0000006	0000027
0000006	0000035
0000006	0000048
0000006	0000059
0000006	0000088
0000007	0000008
0000007	0000009
0000007	0000010
0000007	0000014
0000007	0000016
0000007	0000017
0000007	0000025
0000007	0000026
0000007	0000034
0000007	0000039
0000007	0000045
0000007	0000048
0000007	0000049
0000007	0000058
0000007	0000073
0000007	0000075
0000007	0000079
0000008	0000010
0000008	0000012
0000008	0000016
0000008	0000023
0000008	0000031
0000008	0000033
0000008	0000052
0000008	0000075
0000009	0000011
0000009	0000013
0000009	0000016
0000009	0000019
0000009	0000022
0000009	0000024
0000009	0000034
0000009	0000036
0000009	0000043
0000009	0000049
0000009	0000057
0000009	0000067
0000009	0000071
0000010	0000013
0000010	0000014
0000010	0000015
0000010	0000016
0000010	0000018
0000010	0000028
0000010	0000030
0000010	0000032
0000010	0000034
0000010	0000041
0000010	0000047
0000010	0000048
0000010	0000060
0000010	0000099
0000011	0000013
0000011	0000014
0000011	0000017
0000011	0000029
0000011	0000044
0000011	0000046
0000011	0000067
0000011	0000081
0000011	0000092
0000011	0000100
0000012	0000019
0000012	0000022
0000012	0000023
0000012	0000024
0000012	0000030
0000012	0000041
0000012	0000044
0000012	0000061
0000012	0000082
0000012	0000085
0000012	0000088
0000012	0000091
0000013	0000016
0000013	0000020
0000013	0000023
0000013	0000028
0000013	0000031
0000013	0000034
0000013	0000049
0000013	0000051
0000013	0000052
0000013	0000053
0000013	0000062
0000013	0000085
0000014	0000015
0000014	0000019
0000014	0000022
0000014	0000024
0000014	0000036
0000014	0000038
0000014	0000040
0000014	0000043
0000014	0000056
0000014	0000057
0000014	0000064
0000014	0000082
0000014	0000083
0000014	0000089
0000014	0000097
0000015	0000018
0000015	0000020
0000015	0000027
0000015	0000028
0000015	0000029
0000015	0000038
0000015	0000044
0000015	0000045
0000015	0000047
0000015	0000051
0000015	0000052
0000015	0000053
0000015	0000063
0000015	0000065
0000015	0000069
0000015	0000083
0000016	0000018
0000016	0000028
0000016	0000030
0000016	0000033
0000016	0000046
0000016	0000074
0000016	0000080
0000016	0000097
0000016	0000098
0000017	0000019
0000017	0000022
0000017	0000024
0000017	0000026
0000017	0000032
0000017	0000059
0000017	0000063
0000017	0000073
0000018	0000019
0000018	0000023
0000018	0000030
0000018	0000032
0000018	0000034
0000018	0000044
0000019	0000023
0000019	0000024
0000019	0000026
0000019	0000033
0000019	0000036
0000019	0000043
0000019	0000046
0000019	0000074
0000019	0000089
0000020	0000023
0000020	0000026
0000020	0000028
0000020	0000034
0000020	0000038
0000020	0000054
0000020	0000058
0000020	0000065
0000020	0000074
0000020	0000087
0000021	0000022
0000021	0000025
0000021	0000027
0000021	0000032
0000021	0000036
0000021	0000039
0000021	0000043
0000021	0000059
0000021	0000073
0000021	0000077
0000021	0000078
0000021	0000083
0000021	0000087
0000022	0000025
0000022	0000030
0000022	0000031
0000022	0000036
0000022	0000049
0000022	0000056
0000022	0000067
0000022	0000074
0000022	0000089
0000023	0000029
0000023	0000031
0000023	0000046
0000023	0000062
0000023	0000066
0000023	0000079
0000023	0000086
0000023	0000093
0000024	0000026
0000024	0000037
0000024	0000039
0000024	0000047
0000024	0000049
0000024	0000053
0000024	0000071
0000024	0000074
0000024	0000085
0000025	0000028
0000025	0000032
0000025	0000048
0000025	0000053
0000025	0000065
0000025	0000073
0000025	0000078
0000026	0000030
0000026	0000049
0000026	0000050
0000026	0000056
0000026	0000066
0000026	0000070
0000026	0000083
0000026	0000086
0000026	0000096
0000027	0000049
0000027	0000060
0000027	0000062
0000027	0000075
0000027	0000077
0000027	0000086
0000027	0000097
0000028	0000040
0000028	0000042
0000028	0000045
0000028	0000054
0000028	0000060
0000028	0000080
0000028	0000086
0000028	0000088
0000028	0000094
0000029	0000040
0000029	0000044
0000029	0000049
0000029	0000055
0000029	0000093
0000030	0000038
0000030	0000040
0000030	0000049
0000030	0000057
0000030	0000059
0000030	0000062
0000030	0000068
0000030	0000069
0000030	0000070
0000030	0000075
0000030	0000089
0000031	0000034
0000031	0000035
0000031	0000039
0000031	0000040
0000031	0000049
0000031	0000060
0000031	0000089
0000032	0000039
0000032	0000048
0000032	0000049
0000032	0000053
0000032	0000056
0000032	0000069
0000033	0000049
0000033	0000051
0000033	0000055
0000033	0000056
0000033	0000068
0000033	0000077
0000033	0000091
0000033	0000100
0000034	0000036
0000034	0000037
0000034	0000068
0000034	0000072
0000034	0000074
0000034	0000100
0000035	0000037
0000035	0000062
0000035	0000069
0000035	0000075
0000035	0000091
0000036	0000049
0000036	0000097
0000037	0000043
0000037	0000050
0000037	0000051
0000037	0000064
0000037	0000068
0000037	0000070
0000037	0000086
0000037	0000098
0000038	0000040
0000038	0000073
0000038	0000093
0000039	0000067
0000039	0000073
0000039	0000091
0000040	0000042
0000040	0000044
0000040	0000045
0000040	0000069
0000041	0000047
0000041	0000057
0000041	0000096
0000042	0000044
0000042	0000050
0000042	0000053
0000042	0000065
0000042	0000067
0000042	0000074
0000043	0000062
0000043	0000083
0000043	0000097
0000044	0000047
0000044	0000050
0000044	0000055
0000044	0000057
0000044	0000061
0000045	0000048
0000045	0000052
0000045	0000054
0000045	0000060
0000045	0000063
0000045	0000085
0000046	0000053
0000046	0000062
0000046	0000070
0000046	0000077
0000046	0000081
0000046	0000085
0000046	0000093
0000047	0000049
0000047	0000062
0000048	0000058
0000048	0000067
0000048	0000087
0000048	0000094
0000049	0000060
0000049	0000098
0000049	0000099
0000050	0000086
0000050	0000096
0000051	0000083
0000051	0000086
0000052	0000058
0000054	0000057
0000054	0000092
0000055	0000069
0000055	0000082
0000056	0000076
0000057	0000059
0000057	0000070
0000057	0000076
0000057	0000094
0000057	0000097
0000058	0000064
0000059	0000062
0000059	0000067
0000059	0000068
0000059	0000076
0000060	0000065
0000060	0000082
0000060	0000085
0000061	0000066
0000061	0000075
0000062	0000063
0000062	0000066
0000062	0000072
0000062	0000085
0000062	0000094
0000062	0000096
0000063	0000072
0000063	0000085
0000064	0000070
0000064	0000094
0000065	0000073
0000065	0000085
0000066	0000090
0000067	0000097
0000068	0000073
0000068	0000074
0000068	0000085
0000069	0000090
0000070	0000075
0000070	0000080
0000072	0000086
0000072	0000088
0000073	0000078
0000073	0000082
0000073	0000084
0000074	0000075
0000074	0000084
0000075	0000081
0000076	0000087
0000077	0000085
0000079	0000100
0000080	0000095
0000081	0000099
0000082	0000085
0000082	0000086
0000083	0000092
0000083	0000094
0000084	0000096
0000086	0000087
0000086	0000091
0000096	0000099
