source	target
0000001	0000002
0000001	0000003
0000001	0000004
0000001	0000005
0000001	0000006
0000001	0000007
0000001	0000009
0000001	0000010
0000001	0000011
0000001	0000021
0000001	0000026
0000001	0000029
0000001	0000035
0000001	0000040
0000001	0000042
0000001	0000050
0000001	0000058
0000001	0000069
0000001	0000080
0000001	0000085
0000001	0000087
0000002	0000003
0000002	0000004
0000002	0000005
0000002	0000006
0000002	0000007
0000002	0000008
0000002	0000009
0000002	0000010
0000002	0000011
0000002	0000013
0000002	0000014
0000002	0000016
0000002	0000017
0000002	0000019
0000002	0000021
0000002	0000023
0000002	0000024
0000002	0000026
0000002	0000028
0000002	0000030
0000002	0000032
0000002	0000035
0000002	0000036
0000002	0000039
0000002	0000052
0000002	0000071
0000002	0000077
0000003	0000004
0000003	0000005
0000003	0000006
0000003	0000007
0000003	0000008
0000003	0000009
0000003	0000010
0000003	0000011
0000003	0000012
0000003	0000013
0000003	0000014
0000003	0000015
0000003	0000017
0000003	0000018
0000003	0000021
0000003	0000022
0000003	0000025
0000003	0000028
0000003	0000033
0000003	0000040
0000003	0000046
0000003	0000048
0000003	0000054
0000003	0000056
0000003	0000073
0000004	0000005
0000004	0000006
0000004	0000007
0000004	0000008
0000004	0000010
0000004	0000011
0000004	0000012
0000004	0000015
0000004	0000017
0000004	0000035
0000004	0000036
0000004	0000046
0000004	0000053
0000004	0000055
0000004	0000060
0000004	0000062
0000004	0000071
0000004	0000082
0000004	0000087
0000005	0000006
0000005	0000007
0000005	0000009
0000005	0000010
0000005	0000011
0000005	0000012
0000005	0000016
0000005	0000020
0000005	0000025
0000005	0000030
0000005	0000042
0000005	0000043
0000005	0000045
0000005	0000050
0000005	0000063
0000005	0000070
0000005	0000083
0000005	0000088
0000005	0000097
0000006	0000007
0000006	0000008
0000006	0000009
0000006	0000011
0000006	0000013
0000006	0000017
0000006	0000031
0000006	0000032
0000006	0000038
0000006	0000041
0000006	0000060
0000006	0000069
0000006	0000073
0000006	0000091
0000007	0000008
0000007	0000009
0000007	0000010
0000007	0000011
0000007	0000014
0000007	0000017
0000007	0000018
0000007	0000021
0000007	0000047
0000007	0000054
0000007	0000055
0000007	0000091
0000008	0000009
0000008	0000010
0000008	0000011
0000008	0000012
0000008	0000014
0000008	0000016
0000008	0000019
0000008	0000035
0000008	0000038
0000008	0000058
0000008	0000059
0000008	0000065
0000008	0000073
0000008	0000100
0000009	0000011
0000009	0000014
0000009	0000015
0000009	0000017
0000009	0000023
0000009	0000025
0000009	0000030
0000009	0000031
0000009	0000035
0000009	0000038
0000009	0000043
0000009	0000047
0000009	0000052
0000009	0000058
0000009	0000082
0000009	0000083
0000010	0000011
0000010	0000013
0000010	0000014
0000010	0000018
0000010	0000019
0000010	0000025
0000010	0000030
0000010	0000033
0000010	0000034
0000010	0000041
0000010	0000067
0000010	0000075
0000010	0000083
0000011	0000015
0000011	0000020
0000011	0000023
0000011	0000025
0000011	0000030
0000011	0000042
0000011	0000043
0000011	0000044
0000011	0000052
0000011	0000054
0000011	0000057
0000011	0000074
0000011	0000096
0000012	0000017
0000012	0000022
0000012	0000026
0000012	0000037
0000012	0000041
0000012	0000052
0000012	0000071
0000013	0000015
0000013	0000020
0000013	0000021
0000013	0000027
0000013	0000030
0000013	0000038
0000013	0000043
0000013	0000048
0000013	0000057
0000013	0000062
0000013	0000067
0000013	0000071
0000013	0000072
0000013	0000086
0000014	0000019
0000014	0000020
0000014	0000025
0000014	0000028
0000014	0000037
0000014	0000043
0000014	0000049
0000014	0000059
0000014	0000061
0000014	0000062
0000014	0000069
0000014	0000078
0000014	0000083
0000015	0000025
0000015	0000030
0000015	0000041
0000015	0000044
0000015	0000046
0000015	0000062
0000015	0000086
0000015	0000088
0000016	0000017
0000016	0000023
0000016	0000024
0000016	0000028
0000016	0000031
0000016	0000032
0000016	0000036
0000016	0000042
0000016	0000043
0000016	0000072
0000016	0000080
0000017	0000026
0000017	0000031
0000017	0000032
0000017	0000034
0000017	0000035
0000017	0000044
0000017	0000051
0000017	0000062
0000017	0000067
0000017	0000073
0000017	0000095
0000018	0000022
0000018	0000023
0000018	0000027
0000018	0000035
0000018	0000066
0000018	0000072
0000018	0000088
0000018	0000096
0000019	0000022
0000019	0000035
0000019	0000037
0000019	0000042
0000019	0000044
0000019	0000053
0000019	0000057
0000019	0000059
0000019	0000071
0000020	0000021
0000020	0000031
0000020	0000037
0000020	0000040
0000020	0000047
0000020	0000063
0000020	0000074
0000020	0000079
0000020	0000086
0000020	0000097
0000021	0000026
0000021	0000027
0000021	0000081
0000022	0000027
0000022	0000040
0000022	0000045
0000022	0000046
0000022	0000058
0000022	0000100
0000023	0000032
0000023	0000033
0000023	0000039
0000023	0000048
0000023	0000049
0000023	0000058
0000023	0000092
0000024	0000026
0000024	0000029
0000024	0000030
0000024	0000031
0000024	0000037
0000024	0000069
0000024	0000081
0000025	0000028
0000025	0000029
0000025	0000030
0000025	0000036
0000025	0000050
0000025	0000055
0000025	0000062
0000025	0000070
0000025	0000074
0000025	0000095
0000026	0000028
0000026	0000029
0000026	0000034
0000026	0000048
0000026	0000050
0000026	0000057
0000026	0000059
0000026	0000092
0000027	0000028
0000027	0000035
0000027	0000042
0000027	0000050
0000027	0000066
0000027	0000077
0000028	0000032
0000028	0000034
0000028	0000035
0000028	0000038
0000028	0000053
0000028	0000068
0000028	0000075
0000028	0000081
0000028	0000092
0000028	0000098
0000029	0000031
0000029	0000033
0000029	0000034
0000029	0000037
0000029	0000040
0000029	0000063
0000029	0000068
0000029	0000070
0000029	0000076
0000030	0000032
0000030	0000033
0000030	0000047
0000030	0000049
0000030	0000075
0000031	0000033
0000031	0000046
0000031	0000049
0000031	0000051
0000031	0000060
0000031	0000062
0000031	0000065
0000031	0000070
0000031	0000081
0000032	0000034
0000032	0000037
0000032	0000040
0000032	0000046
0000032	0000052
0000032	0000053
0000032	0000069
0000032	0000070
0000032	0000096
0000033	0000035
0000033	0000040
0000033	0000042
0000033	0000045
0000033	0000048
0000033	0000054
0000033	0000058
0000033	0000074
0000034	0000049
0000034	0000050
0000034	0000098
0000035	0000039
0000035	0000044
0000035	0000049
0000035	0000051
0000035	0000065
0000035	0000081
0000036	0000039
0000036	0000042
0000036	0000049
0000036	0000093
0000037	0000043
0000037	0000056
0000037	0000063
0000037	0000064
0000037	0000066
0000037	0000068
0000037	0000079
0000037	0000087
0000038	0000053
0000038	0000055
0000038	0000065
0000038	0000072
0000038	0000078
0000039	0000049
0000039	0000065
0000039	0000069
0000039	0000087
0000039	0000096
0000039	0000098
0000040	0000042
0000040	0000045
0000040	0000047
0000040	0000050
0000040	0000053
0000040	0000068
0000040	0000080
0000040	0000093
0000040	0000100
0000041	0000046
0000041	0000057
0000041	0000080
0000041	0000089
0000042	0000053
0000042	0000056
0000042	0000058
0000042	0000080
0000042	0000087
0000043	0000045
0000043	0000049
0000043	0000051
0000043	0000062
0000043	0000068
0000044	0000046
0000044	0000058
0000044	0000065
0000044	0000068
0000044	0000074
0000044	0000091
0000045	0000055
0000045	0000065
0000045	0000097
0000046	0000048
0000046	0000055
0000046	0000068
0000046	0000077
0000047	0000074
0000047	0000084
0000047	0000090
0000048	0000053
0000048	0000055
0000048	0000076
0000048	0000089
0000048	0000095
0000049	0000053
0000049	0000060
0000049	0000087
0000049	0000088
0000050	0000070
0000050	0000079
0000050	0000094
0000050	0000095
0000051	0000055
0000051	0000058
0000051	0000060
0000051	0000066
0000051	0000080
0000051	0000082
0000051	0000083
0000051	0000084
0000051	0000091
0000052	0000073
0000052	0000080
0000052	0000085
0000053	0000054
0000053	0000089
0000053	0000091
0000054	0000056
0000054	0000063
0000054	0000065
0000054	0000076
0000054	0000080
0000054	0000082
0000054	0000092
0000054	0000093
0000054	0000095
0000054	0000099
0000055	0000057
0000055	0000060
0000055	0000068
0000055	0000069
0000055	0000092
0000055	0000099
0000056	0000057
0000056	0000059
0000056	0000065
0000057	0000059
0000057	0000063
0000057	0000067
0000058	0000065
0000058	0000083
0000058	0000091
0000058	0000098
0000059	0000091
0000060	0000068
0000060	0000071
0000060	0000077
0000060	0000085
0000060	0000100
0000061	0000080
0000061	0000089
0000061	0000096
0000062	0000065
0000063	0000064
0000063	0000072
0000063	0000082
0000063	0000098
0000064	0000083
0000065	0000072
0000065	0000087
0000066	0000069
0000066	0000093
0000067	0000082
0000067	0000086
0000068	0000096
0000068	0000097
0000069	0000072
0000069	0000087
0000070	0000093
0000071	0000089
0000072	0000074
0000072	0000084
0000072	0000088
0000073	0000078
0000073	0000082
0000073	0000088
0000073	0000090
0000073	0000094
0000073	0000095
0000073	0000099
0000074	0000075
0000075	0000077
0000075	0000087
0000077	0000086
0000078	0000092
0000078	0000093
0000079	0000084
0000079	0000088
0000079	0000089
0000079	0000097
0000080	0000091
0000082	0000094
0000088	0000097
0000091	0000094
0000092	0000098
0000093	0000096
0000094	0000095
