source	target
0000001	0000002
0000001	0000003
0000001	0000004
0000001	0000005
0000001	0000006
0000001	0000007
0000001	0000009
0000001	0000014
0000001	0000016
0000001	0000018
0000001	0000019
0000001	0000022
0000001	0000025
0000001	0000027
0000001	0000037
0000001	0000039
0000001	0000049
0000001	0000066
0000001	0000079
0000001	0000093
0000001	0000094
0000002	0000003
0000002	0000004
0000002	0000005
0000002	0000007
0000002	0000008
0000002	0000009
0000002	0000010
0000002	0000011
0000002	0000014
0000002	0000015
0000002	0000018
0000002	0000021
0000002	0000029
0000002	0000034
0000002	0000040
0000002	0000043
0000002	0000049
0000002	0000079
0000003	0000004
0000003	0000005
0000003	0000006
0000003	0000008
0000003	0000009
0000003	0000011
0000003	0000013
0000003	0000014
0000003	0000015
0000003	0000019
0000003	0000021
0000003	0000031
0000003	0000034
0000003	0000042
0000003	0000060
0000003	0000066
0000004	0000005
0000004	0000006
0000004	0000007
0000004	0000008
0000004	0000010
0000004	0000013
0000004	0000014
0000004	0000015
0000004	0000017
0000004	0000019
0000004	0000021
0000004	0000022
0000004	0000023
0000004	0000026
0000004	0000039
0000004	0000045
0000004	0000056
0000004	0000064
0000004	0000069
0000004	0000078
0000005	0000006
0000005	0000007
0000005	0000008
0000005	0000009
0000005	0000010
0000005	0000013
0000005	0000014
0000005	0000015
0000005	0000016
0000005	0000018
0000005	0000020
0000005	0000023
0000005	0000025
0000005	0000028
0000005	0000040
0000005	0000069
0000005	0000071
0000005	0000074
0000005	0000080
0000005	0000096
0000006	0000007
0000006	0000008
0000006	0000011
0000006	0000012
0000006	0000013
0000006	0000014
0000006	0000015
0000006	0000016
0000006	0000017
0000006	0000019
0000006	0000020
0000006	0000026
0000006	0000027
0000006	0000029
0000006	0000031
0000006	0000040
0000006	0000043
0000006	0000051
0000006	0000064
0000006	0000065
0000006	0000080
0000007	0000008
0000007	0000009
0000007	0000010
0000007	0000013
0000007	0000014
0000007	0000016
0000007	0000017
0000007	0000019
0000007	0000037
0000007	0000040
0000007	0000049
0000007	0000050
0000007	0000064
0000007	0000065
0000007	0000067
0000007	0000083
0000007	0000088
0000007	0000090
0000008	0000010
0000008	0000013
0000008	0000014
0000008	0000015
0000008	0000016
0000008	0000020
0000008	0000022
0000008	0000025
0000008	0000030
0000008	0000040
0000008	0000041
0000008	0000046
0000008	0000052
0000008	0000070
0000009	0000010
0000009	0000012
0000009	0000013
0000009	0000014
0000009	0000018
0000009	0000020
0000009	0000023
0000009	0000024
0000009	0000029
0000009	0000034
0000009	0000035
0000009	0000037
0000009	0000041
0000009	0000047
0000009	0000055
0000009	0000057
0000009	0000062
0000009	0000087
0000010	0000018
0000010	0000020
0000010	0000036
0000010	0000037
0000010	0000038
0000010	0000051
0000010	0000061
0000010	0000066
0000010	0000067
0000010	0000071
0000010	0000074
0000010	0000082
0000010	0000089
0000011	0000013
0000011	0000014
0000011	0000015
0000011	0000019
0000011	0000020
0000011	0000021
0000011	0000023
0000011	0000025
0000011	0000031
0000011	0000043
0000011	0000048
0000011	0000076
0000011	0000081
0000011	0000086
0000011	0000087
0000011	0000095
0000011	0000099
0000012	0000015
0000012	0000017
0000012	0000023
0000012	0000026
0000012	0000030
0000012	0000033
0000012	0000037
0000012	0000038
0000012	0000049
0000012	0000051
0000012	0000065
0000012	0000077
0000013	0000020
0000013	0000026
0000013	0000037
0000013	0000050
0000013	0000056
0000013	0000061
0000013	0000065
0000013	0000082
0000014	0000015
0000014	0000016
0000014	0000021
0000014	0000026
0000014	0000027
0000014	0000028
0000014	0000036
0000014	0000040
0000014	0000041
0000014	0000042
0000014	0000061
0000014	0000067
0000014	0000098
0000014	0000100
0000015	0000016
0000015	0000020
0000015	0000029
0000015	0000033
0000015	0000039
0000015	0000053
0000015	0000054
0000015	0000062
0000015	0000094
0000016	0000027
0000016	0000034
0000016	0000036
0000016	0000037
0000016	0000052
0000016	0000055
0000016	0000058
0000016	0000064
0000016	0000066
0000016	0000074
0000016	0000097
0000017	0000019
0000017	0000021
0000017	0000028
0000017	0000030
0000017	0000033
0000017	0000039
0000017	0000047
0000017	0000053
0000017	0000059
0000017	0000061
0000017	0000065
0000017	0000087
0000018	0000024
0000018	0000029
0000018	0000033
0000018	0000034
0000018	0000036
0000018	0000037
0000018	0000040
0000018	0000044
0000018	0000047
0000018	0000049
0000018	0000056
0000018	0000061
0000018	0000072
0000019	0000028
0000019	0000034
0000019	0000041
0000019	0000060
0000019	0000079
0000019	0000095
0000019	0000096
0000020	0000021
0000020	0000024
0000020	0000030
0000020	0000033
0000020	0000035
0000020	0000036
0000020	0000050
0000020	0000051
0000020	0000058
0000020	0000075
0000020	0000081
0000020	0000091
0000020	0000096
0000021	0000028
0000021	0000029
0000021	0000035
0000021	0000039
0000021	0000040
0000021	0000047
0000021	0000049
0000021	0000051
0000021	0000052
0000021	0000070
0000021	0000079
0000021	0000080
0000021	0000083
0000021	0000089
0000021	0000090
0000021	0000093
0000022	0000036
0000022	0000043
0000022	0000060
0000022	0000085
0000022	0000098
0000023	0000026
0000023	0000029
0000023	0000031
0000023	0000041
0000023	0000047
0000023	0000048
0000023	0000054
0000023	0000070
0000023	0000080
0000023	0000084
0000024	0000025
0000024	0000032
0000024	0000034
0000024	0000036
0000024	0000040
0000024	0000041
0000024	0000042
0000024	0000050
0000024	0000054
0000024	0000055
0000024	0000069
0000024	0000071
0000024	0000075
0000025	0000026
0000025	0000031
0000025	0000032
0000025	0000033
0000025	0000040
0000025	0000045
0000025	0000053
0000025	0000056
0000025	0000058
0000025	0000061
0000025	0000084
0000026	0000038
0000026	0000040
0000026	0000052
0000026	0000054
0000026	0000060
0000026	0000062
0000026	0000078
0000026	0000083
0000027	0000031
0000027	0000041
0000027	0000044
0000027	0000049
0000027	0000052
0000027	0000054
0000027	0000060
0000027	0000085
0000027	0000097
0000028	0000029
0000028	0000030
0000028	0000048
0000028	0000053
0000028	0000091
0000029	0000034
0000029	0000039
0000029	0000043
0000029	0000049
0000029	0000051
0000029	0000085
0000029	0000087
0000029	0000099
0000030	0000033
0000030	0000035
0000030	0000037
0000030	0000039
0000030	0000041
0000030	0000063
0000030	0000095
0000030	0000099
0000031	0000032
0000031	0000043
0000031	0000046
0000031	0000059
0000031	0000067
0000031	0000073
0000031	0000080
0000031	0000082
0000031	0000091
0000031	0000098
0000032	0000034
0000032	0000037
0000032	0000041
0000032	0000044
0000032	0000052
0000032	0000059
0000032	0000066
0000032	0000083
0000033	0000042
0000033	0000056
0000033	0000080
0000033	0000097
0000034	0000041
0000034	0000044
0000034	0000045
0000034	0000056
0000034	0000062
0000035	0000044
0000035	0000055
0000035	0000062
0000035	0000070
0000035	0000091
0000035	0000092
0000036	0000044
0000036	0000085
0000036	0000090
0000037	0000045
0000037	0000079
0000037	0000082
0000037	0000099
0000038	0000043
0000038	0000046
0000038	0000061
0000038	0000064
0000038	0000068
0000038	0000074
0000038	0000083
0000038	0000088
0000038	0000096
0000038	0000099
0000038	0000100
0000039	0000040
0000039	0000043
0000039	0000046
0000039	0000049
0000039	0000054
0000040	0000045
0000040	0000049
0000040	0000067
0000040	0000068
0000040	0000083
0000040	0000100
0000041	0000045
0000041	0000055
0000041	0000059
0000041	0000072
0000041	0000075
0000041	0000085
0000042	0000071
0000042	0000082
0000043	0000044
0000043	0000049
0000043	0000086
0000044	0000047
0000044	0000051
0000044	0000064
0000044	0000075
0000045	0000047
0000045	0000048
0000045	0000076
0000045	0000080
0000045	0000091
0000046	0000047
0000046	0000052
0000046	0000056
0000046	0000083
0000046	0000089
0000047	0000056
0000047	0000057
0000047	0000081
0000047	0000084
0000048	0000078
0000048	0000083
0000048	0000084
0000048	0000090
0000049	0000060
0000049	0000061
0000049	0000063
0000049	0000068
0000049	0000070
0000049	0000100
0000050	0000057
0000050	0000073
0000050	0000095
0000051	0000060
0000051	0000062
0000051	0000069
0000051	0000076
0000051	0000090
0000051	0000095
0000051	0000097
0000052	0000067
0000052	0000069
0000052	0000095
0000053	0000055
0000053	0000080
0000053	0000084
0000054	0000056
0000054	0000061
0000054	0000077
0000054	0000083
0000054	0000094
0000054	0000100
0000055	0000066
0000055	0000069
0000055	0000080
0000055	0000093
0000055	0000095
0000056	0000085
0000056	0000092
0000057	0000061
0000057	0000066
0000057	0000098
0000058	0000074
0000058	0000085
0000058	0000091
0000059	0000075
0000060	0000069
0000060	0000075
0000060	0000092
0000060	0000098
0000061	0000081
0000061	0000085
0000061	0000087
0000062	0000065
0000062	0000100
0000063	0000070
0000064	0000070
0000064	0000086
0000065	0000076
0000065	0000081
0000065	0000084
0000065	0000087
0000065	0000091
0000065	0000093
0000066	0000078
0000066	0000100
0000067	0000097
0000068	0000071
0000070	0000071
0000070	0000078
0000071	0000081
0000071	0000083
0000072	0000073
0000072	0000076
0000073	0000076
0000073	0000080
0000073	0000081
0000073	0000083
0000073	0000091
0000074	0000082
0000074	0000083
0000074	0000097
0000075	0000081
0000075	0000090
0000075	0000092
0000076	0000081
0000076	0000092
0000077	0000082
0000078	0000080
0000078	0000082
0000078	0000088
0000078	0000090
0000078	0000092
0000079	0000084
0000080	0000099
0000081	0000085
0000082	0000092
0000084	0000099
0000085	0000087
0000086	0000096
0000087	0000091
0000087	0000096
0000088	0000097
0000088	0000098
0000089	0000091
0000089	0000093
0000091	0000098
0000092	0000094
0000096	0000100
0000097	0000099
