source	target
0000001	0000002
0000001	0000003
0000001	0000004
0000001	0000005
0000001	0000008
0000001	0000009
0000001	0000015
0000001	0000021
0000001	0000024
0000001	0000030
0000001	0000031
0000001	0000044
0000001	0000057
0000001	0000070
0000001	0000083
0000001	0000085
0000001	0000094
0000002	0000003
0000002	0000004
0000002	0000005
0000002	0000006
0000002	0000008
0000002	0000009
0000002	0000011
0000002	0000012
0000002	0000013
0000002	0000016
0000002	0000017
0000002	0000020
0000002	0000021
0000002	0000029
0000002	0000035
0000002	0000046
0000002	0000049
0000002	0000055
0000002	0000080
0000002	0000083
0000002	0000092
0000002	0000095
0000002	0000097
0000003	0000004
0000003	0000005
0000003	0000006
0000003	0000007
0000003	0000009
0000003	0000016
0000003	0000017
0000003	0000018
0000003	0000021
0000003	0000022
0000003	0000026
0000003	0000027
0000003	0000028
0000003	0000030
0000003	0000035
0000003	0000036
0000003	0000053
0000003	0000055
0000003	0000058
0000003	0000063
0000003	0000065
0000003	0000079
0000004	0000005
0000004	0000007
0000004	0000008
0000004	0000009
0000004	0000011
0000004	0000013
0000004	0000015
0000004	0000016
0000004	0000025
0000004	0000027
0000004	0000031
0000004	0000035
0000004	0000036
0000004	0000048
0000004	0000051
0000004	0000053
0000004	0000058
0000004	0000085
0000004	0000089
0000004	0000090
0000005	0000006
0000005	0000007
0000005	0000008
0000005	0000010
0000005	0000011
0000005	0000012
0000005	0000013
0000005	0000017
0000005	0000018
0000005	0000021
0000005	0000028
0000005	0000062
0000005	0000068
0000005	0000073
0000005	0000097
0000006	0000007
0000006	0000008
0000006	0000009
0000006	0000011
0000006	0000012
0000006	0000014
0000006	0000016
0000006	0000020
0000006	0000022
0000006	0000024
0000006	0000027
0000006	0000033
0000006	0000039
0000006	0000044
0000006	0000059
0000006	0000061
0000006	0000081
0000006	0000082
0000006	0000095
0000007	0000008
0000007	0000010
0000007	0000011
0000007	0000012
0000007	0000015
0000007	0000019
0000007	0000025
0000007	0000034
0000007	0000036
0000007	0000043
0000007	0000044
0000007	0000052
0000007	0000060
0000007	0000068
0000008	0000010
0000008	0000012
0000008	0000013
0000008	0000014
0000008	0000015
0000008	0000016
0000008	0000019
0000008	0000020
0000008	0000024
0000008	0000031
0000008	0000036
0000008	0000048
0000008	0000050
0000008	0000083
0000009	0000010
0000009	0000011
0000009	0000012
0000009	0000014
0000009	0000015
0000009	0000024
0000009	0000034
0000009	0000038
0000009	0000040
0000009	0000042
0000009	0000057
0000009	0000060
0000009	0000074
0000009	0000086
0000009	0000090
0000009	0000091
0000010	0000015
0000010	0000016
0000010	0000019
0000010	0000020
0000010	0000024
0000010	0000035
0000010	0000040
0000010	0000044
0000010	0000057
0000010	0000062
0000010	0000063
0000010	0000070
0000011	0000021
0000011	0000028
0000011	0000051
0000011	0000059
0000011	0000068
0000011	0000089
0000011	0000094
0000012	0000014
0000012	0000015
0000012	0000017
0000012	0000018
0000012	0000027
0000012	0000042
0000012	0000058
0000012	0000070
0000012	0000073
0000012	0000078
0000012	0000080
0000012	0000081
0000012	0000088
0000013	0000014
0000013	0000017
0000013	0000020
0000013	0000023
0000013	0000024
0000013	0000035
0000013	0000037
0000013	0000048
0000013	0000057
0000013	0000067
0000013	0000073
0000013	0000100
0000014	0000015
0000014	0000017
0000014	0000021
0000014	0000022
0000014	0000029
0000014	0000035
0000014	0000040
0000014	0000047
0000014	0000074
0000015	0000022
0000015	0000027
0000015	0000029
0000015	0000035
0000015	0000038
0000015	0000041
0000015	0000047
0000015	0000051
0000015	0000053
0000015	0000062
0000015	0000077
0000015	0000095
0000016	0000017
0000016	0000019
0000016	0000021
0000016	0000023
0000016	0000025
0000016	0000027
0000016	0000030
0000016	0000039
0000016	0000044
0000016	0000048
0000016	0000059
0000016	0000067
0000016	0000072
0000016	0000093
0000016	0000094
0000016	0000097
0000017	0000022
0000017	0000023
0000017	0000030
0000017	0000034
0000017	0000035
0000017	0000040
0000017	0000050
0000017	0000061
0000017	0000067
0000017	0000069
0000017	0000075
0000017	0000081
0000017	0000083
0000018	0000019
0000018	0000020
0000018	0000021
0000018	0000022
0000018	0000023
0000018	0000044
0000018	0000056
0000019	0000020
0000019	0000035
0000019	0000050
0000019	0000068
0000019	0000075
0000019	0000097
0000020	0000028
0000020	0000031
0000020	0000034
0000020	0000039
0000020	0000041
0000020	0000050
0000020	0000053
0000020	0000055
0000020	0000060
0000020	0000065
0000020	0000091
0000021	0000035
0000021	0000049
0000021	0000057
0000021	0000065
0000021	0000091
0000022	0000023
0000022	0000032
0000022	0000035
0000022	0000040
0000022	0000046
0000022	0000051
0000022	0000060
0000022	0000064
0000022	0000075
0000022	0000087
0000022	0000091
0000022	0000092
0000023	0000030
0000023	0000036
0000023	0000038
0000023	0000047
0000023	0000052
0000023	0000071
0000023	0000074
0000023	0000077
0000023	0000083
0000024	0000025
0000024	0000028
0000024	0000030
0000024	0000059
0000024	0000070
0000024	0000079
0000024	0000081
0000025	0000029
0000025	0000033
0000025	0000043
0000025	0000047
0000025	0000050
0000025	0000062
0000026	0000032
0000026	0000033
0000026	0000035
0000026	0000042
0000026	0000053
0000026	0000075
0000026	0000086
0000026	0000096
0000027	0000034
0000027	0000041
0000027	0000056
0000027	0000061
0000027	0000069
0000027	0000087
0000027	0000096
0000028	0000030
0000028	0000033
0000028	0000038
0000028	0000042
0000028	0000045
0000028	0000048
0000028	0000053
0000028	0000069
0000028	0000073
0000028	0000076
0000028	0000078
0000028	0000090
0000029	0000033
0000029	0000068
0000029	0000073
0000029	0000074
0000029	0000079
0000029	0000084
0000029	0000086
0000030	0000035
0000030	0000043
0000030	0000044
0000030	0000050
0000030	0000060
0000030	0000063
0000030	0000074
0000030	0000099
0000031	0000050
0000031	0000060
0000031	0000066
0000031	0000076
0000031	0000077
0000031	0000083
0000031	0000092
0000031	0000097
0000032	0000036
0000032	0000041
0000032	0000059
0000032	0000079
0000032	0000087
0000032	0000088
0000033	0000039
0000033	0000041
0000033	0000043
0000033	0000053
0000033	0000059
0000033	0000070
0000033	0000088
0000034	0000053
0000034	0000075
0000034	0000084
0000034	0000098
0000035	0000037
0000035	0000044
0000035	0000059
0000035	0000064
0000035	0000070
0000035	0000076
0000035	0000078
0000035	0000088
0000036	0000040
0000036	0000042
0000036	0000043
0000036	0000046
0000036	0000063
0000036	0000066
0000036	0000096
0000037	0000039
0000037	0000041
0000037	0000050
0000037	0000067
0000037	0000081
0000037	0000083
0000038	0000043
0000038	0000048
0000038	0000049
0000038	0000057
0000038	0000068
0000038	0000082
0000038	0000086
0000039	0000045
0000039	0000079
0000040	0000052
0000040	0000053
0000040	0000062
0000040	0000068
0000040	0000072
0000041	0000042
0000041	0000068
0000041	0000085
0000042	0000047
0000042	0000055
0000042	0000062
0000042	0000066
0000042	0000069
0000042	0000075
0000042	0000080
0000042	0000095
0000043	0000055
0000043	0000056
0000043	0000075
0000043	0000077
0000044	0000051
0000044	0000057
0000044	0000060
0000044	0000063
0000044	0000078
0000044	0000086
0000045	0000062
0000045	0000064
0000045	0000066
0000045	0000071
0000045	0000085
0000045	0000088
0000045	0000097
0000046	0000061
0000046	0000069
0000047	0000054
0000047	0000080
0000047	0000089
0000048	0000050
0000048	0000055
0000048	0000056
0000048	0000058
0000048	0000073
0000048	0000082
0000048	0000098
0000049	0000064
0000049	0000080
0000050	0000060
0000050	0000071
0000050	0000085
0000051	0000069
0000051	0000080
0000051	0000091
0000051	0000100
0000052	0000091
0000052	0000099
0000053	0000057
0000053	0000071
0000053	0000097
0000053	0000100
0000054	0000059
0000054	0000075
0000054	0000084
0000055	0000079
0000055	0000081
0000055	0000084
0000055	0000091
0000055	0000099
0000056	0000058
0000056	0000084
0000057	0000059
0000057	0000064
0000057	0000080
0000057	0000081
0000057	0000082
0000058	0000061
0000058	0000062
0000058	0000078
0000059	0000061
0000059	0000077
0000059	0000090
0000059	0000092
0000059	0000096
0000060	0000066
0000060	0000073
0000060	0000084
0000060	0000097
0000061	0000063
0000061	0000079
0000061	0000098
0000062	0000079
0000062	0000096
0000063	0000075
0000063	0000084
0000064	0000078
0000064	0000093
0000064	0000100
0000065	0000088
0000065	0000093
0000066	0000081
0000067	0000084
0000067	0000087
0000070	0000081
0000070	0000085
0000071	0000079
0000071	0000081
0000072	0000097
0000073	0000076
0000075	0000090
0000075	0000095
0000077	0000092
0000079	0000085
0000079	0000086
0000083	0000093
0000085	0000095
0000086	0000098
0000087	0000092
0000091	0000097
0000092	0000093
0000096	0000098
