source	target
0000001	0000002
0000001	0000003
0000001	0000004
0000001	0000005
0000001	0000006
0000001	0000008
0000001	0000009
0000001	0000012
0000001	0000013
0000001	0000014
0000001	0000019
0000001	0000024
0000001	0000030
0000001	0000034
0000001	0000078
0000002	0000003
0000002	0000004
0000002	0000005
0000002	0000006
0000002	0000007
0000002	0000008
0000002	0000011
0000002	0000012
0000002	0000013
0000002	0000014
0000002	0000018
0000002	0000019
0000002	0000023
0000002	0000024
0000002	0000036
0000002	0000037
0000002	0000045
0000002	0000053
0000002	0000060
0000002	0000069
0000002	0000071
0000003	0000004
0000003	0000005
0000003	0000006
0000003	0000009
0000003	0000011
0000003	0000012
0000003	0000013
0000003	0000014
0000003	0000016
0000003	0000017
0000003	0000019
0000003	0000030
0000003	0000036
0000003	0000044
0000003	0000048
0000003	0000053
0000003	0000059
0000003	0000075
0000003	0000082
0000004	0000005
0000004	0000006
0000004	0000007
0000004	0000008
0000004	0000009
0000004	0000011
0000004	0000013
0000004	0000014
0000004	0000031
0000004	0000033
0000004	0000041
0000004	0000043
0000004	0000046
0000004	0000047
0000004	0000053
0000004	0000059
0000004	0000075
0000004	0000079
0000004	0000100
0000005	0000006
0000005	0000007
0000005	0000008
0000005	0000010
0000005	0000011
0000005	0000014
0000005	0000015
0000005	0000016
0000005	0000027
0000005	0000028
0000005	0000030
0000005	0000045
0000005	0000046
0000005	0000051
0000005	0000058
0000005	0000061
0000005	0000062
0000005	0000075
0000006	0000007
0000006	0000008
0000006	0000010
0000006	0000011
0000006	0000012
0000006	0000014
0000006	0000028
0000006	0000033
0000006	0000042
0000006	0000055
0000006	0000056
0000006	0000067
0000006	0000081
0000007	0000010
0000007	0000011
0000007	0000012
0000007	0000013
0000007	0000014
0000007	0000017
0000007	0000020
0000007	0000023
0000007	0000027
0000007	0000031
0000007	0000033
0000007	0000034
0000007	0000036
0000007	0000040
0000007	0000052
0000007	0000056
0000007	0000059
0000007	0000085
0000008	0000010
0000008	0000012
0000008	0000014
0000008	0000015
0000008	0000016
0000008	0000018
0000008	0000021
0000008	0000023
0000008	0000024
0000008	0000027
0000008	0000030
0000008	0000037
0000008	0000040
0000008	0000050
0000008	0000068
0000008	0000074
0000008	0000078
0000008	0000100
0000009	0000010
0000009	0000011
0000009	0000015
0000009	0000016
0000009	0000018
0000009	0000019
0000009	0000021
0000009	0000022
0000009	0000026
0000009	0000027
0000009	0000033
0000009	0000040
0000009	0000045
0000009	0000046
0000009	0000049
0000009	0000052
0000009	0000089
0000010	0000011
0000010	0000013
0000010	0000014
0000010	0000016
0000010	0000019
0000010	0000023
0000010	0000025
0000010	0000026
0000010	0000028
0000010	0000034
0000010	0000035
0000010	0000040
0000010	0000043
0000010	0000064
0000010	0000079
0000010	0000084
0000010	0000097
0000011	0000013
0000011	0000020
0000011	0000023
0000011	0000040
0000011	0000069
0000011	0000070
0000011	0000093
0000011	0000098
0000012	0000013
0000012	0000016
0000012	0000017
0000012	0000019
0000012	0000022
0000012	0000028
0000012	0000048
0000012	0000053
0000012	0000054
0000012	0000062
0000012	0000069
0000012	0000085
0000013	0000014
0000013	0000016
0000013	0000022
0000013	0000023
0000013	0000024
0000013	0000025
0000013	0000030
0000013	0000032
0000013	0000041
0000013	0000044
0000013	0000045
0000013	0000048
0000013	0000054
0000013	0000055
0000013	0000056
0000013	0000060
0000013	0000086
0000014	0000015
0000014	0000020
0000014	0000022
0000014	0000024
0000014	0000027
0000014	0000029
0000014	0000030
0000014	0000033
0000014	0000034
0000014	0000036
0000014	0000060
0000014	0000071
0000014	0000089
0000014	0000092
0000015	0000016
0000015	0000029
0000015	0000033
0000015	0000036
0000015	0000038
0000015	0000042
0000015	0000046
0000015	0000048
0000015	0000049
0000015	0000060
0000015	0000064
0000015	0000071
0000015	0000087
0000015	0000091
0000016	0000017
0000016	0000018
0000016	0000023
0000016	0000033
0000016	0000048
0000016	0000063
0000016	0000065
0000016	0000077
0000016	0000086
0000017	0000018
0000017	0000019
0000017	0000024
0000017	0000027
0000017	0000029
0000017	0000054
0000017	0000058
0000017	0000066
0000018	0000019
0000018	0000020
0000018	0000023
0000018	0000032
0000018	0000033
0000018	0000039
0000018	0000040
0000018	0000049
0000018	0000052
0000018	0000053
0000018	0000059
0000018	0000062
0000018	0000079
0000018	0000080
0000018	0000083
0000018	0000091
0000018	0000096
0000019	0000026
0000019	0000030
0000019	0000038
0000019	0000041
0000019	0000043
0000019	0000047
0000019	0000049
0000019	0000058
0000019	0000071
0000020	0000021
0000020	0000029
0000020	0000030
0000020	0000040
0000020	0000041
0000020	0000053
0000020	0000062
0000020	0000068
0000020	0000074
0000020	0000083
0000020	0000095
0000021	0000023
0000021	0000028
0000021	0000032
0000021	0000049
0000021	0000057
0000021	0000066
0000021	0000089
0000021	0000093
0000022	0000025
0000022	0000033
0000022	0000037
0000022	0000042
0000022	0000044
0000022	0000050
0000022	0000056
0000022	0000059
0000022	0000062
0000022	0000065
0000023	0000025
0000023	0000037
0000023	0000039
0000023	0000041
0000023	0000048
0000023	0000060
0000023	0000061
0000023	0000094
0000023	0000098
0000024	0000025
0000024	0000033
0000024	0000034
0000024	0000038
0000024	0000039
0000024	0000048
0000024	0000055
0000024	0000064
0000024	0000065
0000024	0000076
0000025	0000030
0000025	0000035
0000025	0000036
0000025	0000037
0000025	0000042
0000025	0000048
0000025	0000049
0000025	0000053
0000025	0000054
0000025	0000059
0000025	0000071
0000025	0000082
0000025	0000087
0000026	0000027
0000026	0000029
0000026	0000037
0000026	0000039
0000026	0000041
0000026	0000046
0000026	0000048
0000026	0000055
0000026	0000056
0000026	0000060
0000026	0000067
0000026	0000068
0000027	0000034
0000027	0000066
0000027	0000080
0000027	0000092
0000028	0000029
0000028	0000034
0000028	0000037
0000028	0000039
0000028	0000045
0000028	0000066
0000028	0000067
0000028	0000086
0000029	0000033
0000029	0000034
0000029	0000035
0000029	0000037
0000029	0000040
0000029	0000057
0000029	0000066
0000029	0000067
0000029	0000071
0000029	0000084
0000029	0000092
0000029	0000098
0000030	0000035
0000030	0000040
0000030	0000045
0000030	0000046
0000030	0000057
0000030	0000065
0000030	0000067
0000031	0000036
0000031	0000052
0000031	0000068
0000031	0000070
0000031	0000071
0000031	0000079
0000031	0000086
0000032	0000040
0000032	0000041
0000032	0000059
0000032	0000064
0000032	0000066
0000033	0000034
0000033	0000038
0000033	0000042
0000033	0000049
0000033	0000053
0000033	0000082
0000033	0000097
0000034	0000037
0000034	0000038
0000034	0000041
0000034	0000049
0000034	0000073
0000034	0000074
0000034	0000096
0000035	0000038
0000035	0000040
0000035	0000041
0000035	0000067
0000035	0000069
0000035	0000089
0000036	0000040
0000036	0000055
0000036	0000057
0000036	0000059
0000036	0000061
0000036	0000081
0000036	0000089
0000036	0000098
0000036	0000099
0000036	0000100
0000037	0000049
0000037	0000055
0000037	0000067
0000037	0000070
0000037	0000076
0000037	0000082
0000037	0000096
0000038	0000041
0000038	0000046
0000038	0000067
0000038	0000072
0000038	0000084
0000038	0000085
0000038	0000095
0000039	0000040
0000039	0000041
0000039	0000043
0000039	0000044
0000039	0000068
0000039	0000076
0000039	0000089
0000039	0000094
0000039	0000096
0000039	0000097
0000040	0000041
0000040	0000045
0000040	0000058
0000040	0000063
0000040	0000082
0000040	0000092
0000041	0000070
0000041	0000082
0000041	0000085
0000042	0000060
0000042	0000072
0000043	0000044
0000043	0000045
0000043	0000058
0000043	0000061
0000043	0000063
0000043	0000074
0000043	0000083
0000043	0000084
0000043	0000092
0000043	0000096
0000044	0000049
0000044	0000052
0000044	0000057
0000044	0000067
0000044	0000080
0000044	0000094
0000044	0000099
0000044	0000100
0000045	0000049
0000045	0000088
0000045	0000099
0000046	0000047
0000046	0000049
0000046	0000050
0000046	0000051
0000046	0000060
0000046	0000068
0000046	0000072
0000046	0000085
0000046	0000096
0000046	0000098
0000047	0000068
0000047	0000073
0000047	0000093
0000047	0000099
0000048	0000049
0000048	0000052
0000048	0000072
0000048	0000081
0000048	0000099
0000049	0000055
0000049	0000077
0000050	0000057
0000050	0000064
0000050	0000093
0000051	0000058
0000051	0000080
0000052	0000099
0000052	0000100
0000053	0000072
0000053	0000093
0000053	0000094
0000054	0000056
0000054	0000065
0000054	0000088
0000054	0000094
0000054	0000099
0000054	0000100
0000055	0000056
0000055	0000064
0000055	0000092
0000055	0000096
0000056	0000072
0000056	0000081
0000056	0000088
0000056	0000090
0000057	0000064
0000057	0000067
0000057	0000070
0000057	0000076
0000057	0000091
0000057	0000098
0000058	0000063
0000058	0000064
0000058	0000069
0000058	0000071
0000059	0000071
0000059	0000088
0000060	0000073
0000060	0000083
0000060	0000088
0000060	0000092
0000060	0000096
0000061	0000066
0000061	0000071
0000061	0000073
0000061	0000087
0000061	0000100
0000062	0000076
0000062	0000081
0000062	0000088
0000063	0000085
0000064	0000069
0000064	0000077
0000064	0000083
0000064	0000098
0000065	0000070
0000065	0000072
0000066	0000070
0000066	0000071
0000067	0000079
0000067	0000100
0000068	0000072
0000068	0000078
0000068	0000079
0000068	0000083
0000069	0000070
0000069	0000071
0000069	0000074
0000069	0000079
0000069	0000080
0000069	0000086
0000070	0000072
0000070	0000092
0000071	0000097
0000072	0000075
0000073	0000096
0000075	0000083
0000075	0000096
0000076	0000080
0000076	0000085
0000076	0000094
0000077	0000093
0000078	0000082
0000078	0000086
0000078	0000099
0000083	0000098
0000084	0000091
0000084	0000098
0000086	0000088
0000086	0000090
0000088	0000094
0000088	0000100
0000089	0000093
0000090	0000094
0000092	0000098
0000092	0000099
0000097	0000098
