source	target
0000001	0000002
0000001	0000003
0000001	0000004
0000001	0000006
0000001	0000007
0000001	0000008
0000001	0000009
0000001	0000010
0000001	0000015
0000001	0000018
0000001	0000023
0000001	0000028
0000001	0000033
0000001	0000034
0000001	0000042
0000001	0000055
0000001	0000058
0000001	0000060
0000001	0000065
0000001	0000066
0000001	0000088
0000002	0000003
0000002	0000004
0000002	0000005
0000002	0000007
0000002	0000009
0000002	0000010
0000002	0000011
0000002	0000013
0000002	0000015
0000002	0000016
0000002	0000017
0000002	0000018
0000002	0000023
0000002	0000034
0000002	0000038
0000002	0000045
0000002	0000048
0000002	0000067
0000002	0000068
0000002	0000096
0000002	0000097
0000003	0000004
0000003	0000005
0000003	0000006
0000003	0000007
0000003	0000008
0000003	0000011
0000003	0000013
0000003	0000014
0000003	0000016
0000003	0000018
0000003	0000028
0000003	0000029
0000003	0000031
0000003	0000065
0000003	0000075
0000003	0000095
0000004	0000006
0000004	0000007
0000004	0000008
0000004	0000009
0000004	0000010
0000004	0000012
0000004	0000014
0000004	0000020
0000004	0000029
0000004	0000035
0000004	0000042
0000004	0000048
0000004	0000078
0000004	0000099
0000005	0000006
0000005	0000007
0000005	0000008
0000005	0000009
0000005	0000013
0000005	0000014
0000005	0000015
0000005	0000027
0000005	0000033
0000005	0000041
0000005	0000049
0000005	0000052
0000005	0000058
0000005	0000071
0000006	0000007
0000006	0000009
0000006	0000012
0000006	0000015
0000006	0000018
0000006	0000020
0000006	0000022
0000006	0000036
0000006	0000047
0000006	0000050
0000006	0000060
0000006	0000079
0000006	0000087
0000006	0000099
0000007	0000008
0000007	0000009
0000007	0000010
0000007	0000011
0000007	0000013
0000007	0000021
0000007	0000024
0000007	0000043
0000007	0000051
0000007	0000059
0000007	0000064
0000007	0000089
0000008	0000009
0000008	0000010
0000008	0000011
0000008	0000012
0000008	0000021
0000008	0000032
0000008	0000034
0000008	0000037
0000008	0000041
0000008	0000047
0000008	0000049
0000008	0000057
0000008	0000093
0000009	0000010
0000009	0000013
0000009	0000014
0000009	0000018
0000009	0000021
0000009	0000023
0000009	0000025
0000009	0000027
0000009	0000030
0000009	0000042
0000009	0000054
0000009	0000060
0000009	0000066
0000009	0000073
0000009	0000075
0000009	0000077
0000009	0000080
0000010	0000011
0000010	0000012
0000010	0000014
0000010	0000019
0000010	0000020
0000010	0000036
0000010	0000041
0000010	0000046
0000010	0000060
0000010	0000090
0000010	0000093
0000011	0000013
0000011	0000014
0000011	0000024
0000011	0000026
0000011	0000037
0000011	0000038
0000011	0000058
0000012	0000014
0000012	0000018
0000012	0000019
0000012	0000024
0000012	0000025
0000012	0000026
0000012	0000027
0000012	0000028
0000012	0000042
0000012	0000058
0000012	0000061
0000012	0000068
0000012	0000078
0000012	0000082
0000012	0000098
0000013	0000017
0000013	0000019
0000013	0000022
0000013	0000053
0000013	0000066
0000013	0000096
0000014	0000020
0000014	0000023
0000014	0000024
0000014	0000028
0000014	0000029
0000014	0000031
0000014	0000032
0000014	0000036
0000014	0000043
0000014	0000071
0000014	0000082
0000015	0000017
0000015	0000023
0000015	0000024
0000015	0000028
0000015	0000034
0000015	0000036
0000015	0000037
0000015	0000041
0000015	0000045
0000015	0000048
0000015	0000051
0000015	0000053
0000015	0000067
0000015	0000087
0000015	0000090
0000016	0000026
0000016	0000033
0000016	0000043
0000016	0000047
0000016	0000051
0000016	0000055
0000016	0000063
0000016	0000068
0000017	0000019
0000017	0000021
0000017	0000024
0000017	0000036
0000017	0000037
0000017	0000045
0000017	0000057
0000017	0000071
0000017	0000093
0000018	0000041
0000018	0000045
0000018	0000052
0000018	0000061
0000018	0000062
0000018	0000076
0000018	0000078
0000018	0000098
0000019	0000020
0000019	0000021
0000019	0000031
0000019	0000063
0000019	0000064
0000019	0000069
0000019	0000077
0000019	0000092
0000020	0000031
0000020	0000041
0000020	0000049
0000020	0000055
0000020	0000056
0000020	0000071
0000021	0000022
0000021	0000024
0000021	0000033
0000021	0000038
0000021	0000039
0000021	0000041
0000021	0000066
0000021	0000090
0000021	0000094
0000022	0000026
0000022	0000028
0000022	0000029
0000022	0000031
0000022	0000049
0000023	0000036
0000023	0000038
0000023	0000042
0000023	0000065
0000023	0000067
0000023	0000079
0000023	0000086
0000024	0000045
0000024	0000048
0000024	0000050
0000024	0000053
0000024	0000073
0000024	0000074
0000024	0000086
0000024	0000096
0000025	0000035
0000025	0000038
0000025	0000043
0000025	0000062
0000025	0000081
0000025	0000082
0000025	0000099
0000026	0000029
0000026	0000030
0000026	0000054
0000026	0000056
0000026	0000059
0000026	0000062
0000026	0000084
0000026	0000085
0000026	0000099
0000027	0000029
0000027	0000031
0000027	0000032
0000027	0000033
0000027	0000044
0000027	0000045
0000027	0000049
0000027	0000054
0000027	0000062
0000027	0000087
0000027	0000094
0000028	0000031
0000028	0000047
0000028	0000064
0000028	0000067
0000028	0000073
0000028	0000081
0000028	0000084
0000029	0000035
0000029	0000080
0000029	0000085
0000030	0000031
0000030	0000032
0000030	0000034
0000030	0000039
0000030	0000046
0000030	0000048
0000030	0000049
0000030	0000084
0000030	0000094
0000031	0000037
0000031	0000045
0000031	0000047
0000031	0000050
0000031	0000063
0000031	0000090
0000031	0000096
0000032	0000046
0000032	0000047
0000032	0000051
0000032	0000059
0000032	0000091
0000032	0000094
0000033	0000059
0000033	0000061
0000033	0000062
0000033	0000067
0000034	0000044
0000034	0000045
0000034	0000053
0000034	0000062
0000034	0000066
0000035	0000040
0000035	0000041
0000035	0000048
0000035	0000077
0000035	0000083
0000036	0000048
0000036	0000050
0000036	0000058
0000036	0000061
0000036	0000063
0000036	0000076
0000036	0000080
0000036	0000090
0000037	0000038
0000037	0000041
0000037	0000055
0000037	0000056
0000037	0000075
0000038	0000049
0000039	0000052
0000039	0000054
0000039	0000055
0000039	0000057
0000039	0000077
0000039	0000078
0000039	0000085
0000039	0000088
0000040	0000042
0000040	0000087
0000041	0000043
0000041	0000058
0000041	0000070
0000041	0000093
0000042	0000048
0000042	0000051
0000042	0000057
0000042	0000058
0000042	0000066
0000042	0000077
0000043	0000046
0000043	0000047
0000043	0000052
0000043	0000062
0000043	0000075
0000044	0000049
0000044	0000065
0000044	0000072
0000044	0000088
0000044	0000093
0000045	0000047
0000045	0000049
0000045	0000066
0000045	0000067
0000045	0000069
0000045	0000071
0000045	0000090
0000046	0000065
0000046	0000066
0000046	0000075
0000046	0000093
0000046	0000100
0000047	0000049
0000047	0000053
0000047	0000066
0000047	0000074
0000047	0000077
0000047	0000079
0000048	0000058
0000048	0000097
0000049	0000052
0000049	0000072
0000049	0000099
0000050	0000065
0000050	0000076
0000050	0000077
0000050	0000087
0000050	0000097
0000051	0000067
0000052	0000054
0000052	0000057
0000052	0000077
0000053	0000059
0000053	0000094
0000053	0000095
0000054	0000059
0000054	0000067
0000054	0000073
0000054	0000076
0000054	0000085
0000054	0000088
0000055	0000061
0000055	0000073
0000055	0000074
0000055	0000083
0000055	0000098
0000056	0000058
0000056	0000095
0000057	0000061
0000057	0000062
0000057	0000071
0000057	0000086
0000057	0000095
0000057	0000098
0000058	0000071
0000058	0000073
0000058	0000076
0000058	0000083
0000059	0000092
0000060	0000076
0000060	0000077
0000060	0000080
0000061	0000069
0000061	0000080
0000061	0000086
0000062	0000071
0000062	0000083
0000062	0000087
0000064	0000089
0000064	0000099
0000066	0000078
0000066	0000099
0000067	0000079
0000067	0000090
0000068	0000081
0000068	0000092
0000069	0000076
0000069	0000084
0000070	0000073
0000070	0000074
0000070	0000086
0000070	0000098
0000072	0000097
0000074	0000078
0000074	0000091
0000074	0000094
0000074	0000098
0000076	0000098
0000077	0000082
0000077	0000084
0000077	0000087
0000077	0000092
0000078	0000084
0000079	0000093
0000081	0000083
0000081	0000089
0000082	0000087
0000083	0000084
0000086	0000093
0000088	0000095
0000088	0000096
0000089	0000090
0000089	0000096
0000089	0000097
0000091	0000093
0000091	0000094
0000091	0000097
