source	target
0000001	0000002
0000001	0000003
0000001	0000004
0000001	0000005
0000001	0000006
0000001	0000008
0000001	0000009
0000001	0000010
0000001	0000011
0000001	0000012
0000001	0000013
0000001	0000017
0000001	0000018
0000001	0000020
0000001	0000022
0000001	0000023
0000001	0000026
0000001	0000030
0000001	0000035
0000001	0000037
0000001	0000038
0000001	0000044
0000001	0000051
0000001	0000067
0000001	0000073
0000001	0000074
0000001	0000086
0000001	0000088
0000002	0000003
0000002	0000004
0000002	0000005
0000002	0000006
0000002	0000007
0000002	0000009
0000002	0000010
0000002	0000011
0000002	0000014
0000002	0000016
0000002	0000017
0000002	0000018
0000002	0000019
0000002	0000021
0000002	0000023
0000002	0000026
0000002	0000030
0000002	0000033
0000002	0000041
0000002	0000043
0000002	0000045
0000002	0000049
0000002	0000051
0000002	0000064
0000002	0000096
0000003	0000004
0000003	0000005
0000003	0000006
0000003	0000007
0000003	0000009
0000003	0000010
0000003	0000011
0000003	0000012
0000003	0000013
0000003	0000017
0000003	0000018
0000003	0000019
0000003	0000020
0000003	0000024
0000003	0000027
0000003	0000030
0000003	0000032
0000003	0000049
0000003	0000053
0000003	0000054
0000003	0000056
0000003	0000059
0000003	0000073
0000003	0000074
0000003	0000075
0000003	0000076
0000004	0000005
0000004	0000006
0000004	0000007
0000004	0000009
0000004	0000010
0000004	0000011
0000004	0000012
0000004	0000015
0000004	0000016
0000004	0000017
0000004	0000019
0000004	0000023
0000004	0000024
0000004	0000030
0000004	0000035
0000004	0000051
0000004	0000052
0000004	0000053
0000004	0000062
0000004	0000088
0000005	0000006
0000005	0000007
0000005	0000008
0000005	0000009
0000005	0000010
0000005	0000011
0000005	0000013
0000005	0000014
0000005	0000015
0000005	0000021
0000005	0000023
0000005	0000027
0000005	0000037
0000005	0000038
0000005	0000046
0000005	0000047
0000005	0000052
0000005	0000062
0000005	0000072
0000005	0000093
0000006	0000008
0000006	0000009
0000006	0000010
0000006	0000011
0000006	0000013
0000006	0000015
0000006	0000019
0000006	0000020
0000006	0000023
0000006	0000032
0000006	0000035
0000006	0000038
0000006	0000041
0000006	0000048
0000006	0000053
0000006	0000077
0000006	0000080
0000006	0000094
0000006	0000100
0000007	0000008
0000007	0000009
0000007	0000010
0000007	0000011
0000007	0000012
0000007	0000013
0000007	0000015
0000007	0000019
0000007	0000022
0000007	0000023
0000007	0000024
0000007	0000025
0000007	0000029
0000007	0000036
0000007	0000043
0000007	0000044
0000007	0000045
0000007	0000056
0000007	0000059
0000007	0000060
0000007	0000069
0000007	0000070
0000007	0000080
0000007	0000081
0000008	0000009
0000008	0000010
0000008	0000011
0000008	0000014
0000008	0000016
0000008	0000028
0000008	0000032
0000008	0000033
0000008	0000035
0000008	0000036
0000008	0000041
0000008	0000044
0000008	0000052
0000008	0000064
0000008	0000066
0000008	0000083
0000008	0000086
0000008	0000091
0000008	0000094
0000009	0000010
0000009	0000011
0000009	0000012
0000009	0000014
0000009	0000015
0000009	0000018
0000009	0000020
0000009	0000023
0000009	0000024
0000009	0000025
0000009	0000027
0000009	0000032
0000009	0000043
0000009	0000044
0000009	0000048
0000009	0000053
0000009	0000057
0000009	0000062
0000009	0000064
0000010	0000011
0000010	0000012
0000010	0000014
0000010	0000016
0000010	0000018
0000010	0000019
0000010	0000020
0000010	0000021
0000010	0000022
0000010	0000024
0000010	0000025
0000010	0000036
0000010	0000041
0000010	0000042
0000010	0000049
0000010	0000055
0000010	0000056
0000010	0000058
0000010	0000072
0000010	0000079
0000010	0000080
0000010	0000081
0000010	0000088
0000010	0000090
0000010	0000099
0000011	0000013
0000011	0000017
0000011	0000020
0000011	0000035
0000011	0000036
0000011	0000043
0000011	0000048
0000011	0000049
0000011	0000052
0000011	0000055
0000011	0000097
0000012	0000019
0000012	0000020
0000012	0000022
0000012	0000023
0000012	0000025
0000012	0000031
0000012	0000040
0000012	0000042
0000012	0000047
0000012	0000050
0000012	0000051
0000012	0000055
0000012	0000060
0000012	0000065
0000012	0000072
0000012	0000075
0000012	0000089
0000013	0000015
0000013	0000017
0000013	0000018
0000013	0000019
0000013	0000020
0000013	0000022
0000013	0000023
0000013	0000024
0000013	0000025
0000013	0000026
0000013	0000031
0000013	0000033
0000013	0000037
0000013	0000040
0000013	0000043
0000013	0000045
0000013	0000048
0000013	0000049
0000013	0000052
0000014	0000019
0000014	0000020
0000014	0000024
0000014	0000025
0000014	0000026
0000014	0000028
0000014	0000031
0000014	0000036
0000014	0000040
0000014	0000044
0000014	0000047
0000014	0000063
0000014	0000076
0000014	0000093
0000014	0000094
0000015	0000016
0000015	0000020
0000015	0000023
0000015	0000026
0000015	0000029
0000015	0000031
0000015	0000033
0000015	0000034
0000015	0000045
0000015	0000046
0000015	0000048
0000015	0000050
0000015	0000055
0000015	0000063
0000015	0000070
0000015	0000092
0000015	0000095
0000015	0000100
0000016	0000018
0000016	0000023
0000016	0000034
0000016	0000045
0000016	0000048
0000016	0000066
0000017	0000019
0000017	0000025
0000017	0000026
0000017	0000029
0000017	0000031
0000017	0000034
0000017	0000037
0000017	0000041
0000017	0000043
0000017	0000047
0000017	0000048
0000017	0000049
0000017	0000056
0000017	0000059
0000017	0000079
0000018	0000019
0000018	0000021
0000018	0000025
0000018	0000029
0000018	0000039
0000018	0000042
0000018	0000045
0000018	0000048
0000018	0000078
0000018	0000080
0000018	0000088
0000018	0000090
0000019	0000020
0000019	0000021
0000019	0000023
0000019	0000025
0000019	0000033
0000019	0000040
0000019	0000049
0000019	0000056
0000019	0000062
0000019	0000063
0000019	0000065
0000019	0000066
0000019	0000069
0000019	0000086
0000019	0000087
0000020	0000022
0000020	0000023
0000020	0000024
0000020	0000026
0000020	0000031
0000020	0000034
0000020	0000043
0000020	0000044
0000020	0000054
0000020	0000062
0000020	0000069
0000020	0000075
0000020	0000082
0000020	0000098
0000021	0000033
0000021	0000034
0000021	0000036
0000021	0000038
0000021	0000051
0000021	0000056
0000021	0000062
0000021	0000078
0000022	0000023
0000022	0000024
0000022	0000025
0000022	0000026
0000022	0000027
0000022	0000030
0000022	0000034
0000022	0000038
0000022	0000047
0000022	0000049
0000022	0000051
0000022	0000053
0000022	0000061
0000022	0000069
0000022	0000076
0000022	0000078
0000022	0000091
0000023	0000033
0000023	0000035
0000023	0000038
0000023	0000054
0000023	0000067
0000023	0000089
0000023	0000095
0000024	0000040
0000024	0000041
0000024	0000045
0000024	0000046
0000024	0000057
0000024	0000062
0000024	0000092
0000024	0000097
0000025	0000029
0000025	0000031
0000025	0000034
0000025	0000040
0000025	0000050
0000025	0000052
0000025	0000066
0000025	0000067
0000025	0000072
0000025	0000075
0000025	0000077
0000025	0000081
0000025	0000094
0000025	0000099
0000026	0000030
0000026	0000031
0000026	0000032
0000026	0000035
0000026	0000037
0000026	0000042
0000026	0000043
0000026	0000045
0000026	0000047
0000026	0000059
0000026	0000069
0000026	0000075
0000026	0000080
0000026	0000097
0000026	0000098
0000026	0000100
0000027	0000028
0000027	0000033
0000027	0000034
0000027	0000037
0000027	0000038
0000027	0000044
0000027	0000048
0000027	0000049
0000027	0000052
0000028	0000035
0000028	0000039
0000028	0000043
0000028	0000049
0000028	0000050
0000028	0000051
0000028	0000059
0000028	0000065
0000028	0000066
0000028	0000073
0000029	0000031
0000029	0000035
0000029	0000037
0000029	0000044
0000029	0000046
0000029	0000051
0000029	0000052
0000029	0000057
0000029	0000060
0000029	0000069
0000029	0000070
0000029	0000077
0000029	0000097
0000030	0000033
0000030	0000035
0000030	0000038
0000030	0000039
0000030	0000046
0000030	0000055
0000030	0000082
0000030	0000083
0000030	0000087
0000030	0000098
0000031	0000036
0000031	0000037
0000031	0000045
0000031	0000046
0000031	0000047
0000031	0000048
0000031	0000049
0000031	0000052
0000031	0000063
0000031	0000072
0000031	0000079
0000031	0000092
0000031	0000096
0000032	0000036
0000032	0000038
0000032	0000044
0000032	0000051
0000032	0000052
0000032	0000053
0000032	0000057
0000032	0000060
0000032	0000066
0000032	0000069
0000032	0000079
0000032	0000096
0000032	0000100
0000033	0000034
0000033	0000041
0000033	0000046
0000033	0000047
0000033	0000053
0000033	0000066
0000033	0000070
0000033	0000078
0000033	0000079
0000033	0000086
0000034	0000035
0000034	0000038
0000034	0000039
0000034	0000046
0000034	0000062
0000034	0000088
0000035	0000041
0000035	0000068
0000035	0000079
0000035	0000091
0000036	0000037
0000036	0000041
0000036	0000051
0000036	0000059
0000036	0000061
0000036	0000085
0000036	0000092
0000036	0000094
0000037	0000043
0000037	0000062
0000037	0000068
0000038	0000048
0000038	0000051
0000038	0000068
0000038	0000074
0000038	0000089
0000038	0000092
0000039	0000048
0000039	0000075
0000039	0000090
0000039	0000095
0000040	0000044
0000040	0000045
0000040	0000051
0000040	0000057
0000040	0000058
0000040	0000072
0000040	0000075
0000040	0000093
0000041	0000045
0000041	0000053
0000041	0000062
0000041	0000070
0000041	0000071
0000041	0000074
0000041	0000089
0000041	0000096
0000042	0000046
0000042	0000050
0000042	0000056
0000042	0000059
0000042	0000062
0000042	0000070
0000042	0000079
0000042	0000082
0000042	0000090
0000043	0000045
0000043	0000046
0000043	0000047
0000043	0000049
0000043	0000055
0000043	0000057
0000043	0000059
0000043	0000068
0000043	0000072
0000043	0000075
0000043	0000076
0000043	0000094
0000043	0000095
0000043	0000099
0000044	0000045
0000044	0000046
0000044	0000057
0000044	0000064
0000045	0000051
0000045	0000052
0000045	0000055
0000045	0000057
0000045	0000068
0000045	0000089
0000045	0000093
0000046	0000054
0000046	0000058
0000046	0000062
0000046	0000064
0000046	0000066
0000046	0000080
0000047	0000049
0000047	0000056
0000047	0000058
0000047	0000059
0000047	0000066
0000047	0000067
0000047	0000075
0000047	0000098
0000048	0000051
0000048	0000073
0000048	0000083
0000049	0000051
0000049	0000055
0000049	0000056
0000049	0000063
0000049	0000069
0000049	0000076
0000049	0000077
0000049	0000079
0000049	0000081
0000049	0000083
0000049	0000090
0000050	0000051
0000050	0000057
0000050	0000068
0000050	0000073
0000050	0000079
0000050	0000080
0000050	0000088
0000051	0000052
0000051	0000063
0000051	0000067
0000051	0000091
0000052	0000053
0000052	0000055
0000052	0000100
0000053	0000066
0000053	0000069
0000053	0000083
0000053	0000095
0000053	0000096
0000054	0000056
0000054	0000063
0000054	0000072
0000054	0000083
0000054	0000087
0000054	0000098
0000055	0000069
0000055	0000076
0000055	0000078
0000056	0000057
0000056	0000060
0000056	0000061
0000056	0000087
0000057	0000063
0000057	0000066
0000058	0000062
0000058	0000068
0000058	0000084
0000058	0000094
0000059	0000060
0000059	0000069
0000059	0000083
0000059	0000085
0000059	0000091
0000060	0000065
0000060	0000086
0000060	0000099
0000061	0000062
0000061	0000068
0000061	0000081
0000061	0000084
0000062	0000063
0000062	0000075
0000062	0000082
0000062	0000083
0000062	0000091
0000062	0000095
0000063	0000070
0000063	0000079
0000063	0000099
0000064	0000087
0000065	0000075
0000065	0000085
0000065	0000088
0000066	0000068
0000066	0000071
0000066	0000076
0000067	0000087
0000067	0000092
0000067	0000098
0000068	0000070
0000068	0000075
0000068	0000076
0000068	0000080
0000068	0000082
0000069	0000097
0000070	0000080
0000071	0000085
0000071	0000086
0000071	0000098
0000072	0000078
0000073	0000080
0000074	0000085
0000074	0000087
0000075	0000085
0000076	0000079
0000078	0000080
0000078	0000083
0000078	0000097
0000079	0000089
0000079	0000096
0000079	0000100
0000080	0000084
0000080	0000091
0000081	0000090
0000082	0000085
0000082	0000087
0000083	0000092
0000084	0000089
0000087	0000089
0000087	0000094
0000091	0000100
0000097	0000100
