source	target
0000001	0000002
0000001	0000003
0000001	0000004
0000001	0000005
0000001	0000006
0000001	0000007
0000001	0000008
0000001	0000009
0000001	0000011
0000001	0000017
0000001	0000018
0000001	0000023
0000001	0000042
0000001	0000047
0000001	0000062
0000001	0000084
0000002	0000003
0000002	0000004
0000002	0000005
0000002	0000006
0000002	0000007
0000002	0000008
0000002	0000009
0000002	0000012
0000002	0000018
0000002	0000025
0000002	0000027
0000002	0000029
0000002	0000033
0000002	0000035
0000002	0000056
0000002	0000057
0000002	0000096
0000003	0000004
0000003	0000005
0000003	0000006
0000003	0000007
0000003	0000008
0000003	0000009
0000003	0000011
0000003	0000012
0000003	0000016
0000003	0000021
0000003	0000024
0000003	0000027
0000003	0000028
0000003	0000043
0000003	0000045
0000003	0000059
0000003	0000086
0000004	0000005
0000004	0000006
0000004	0000007
0000004	0000008
0000004	0000009
0000004	0000010
0000004	0000011
0000004	0000013
0000004	0000018
0000004	0000019
0000004	0000022
0000004	0000025
0000004	0000029
0000004	0000040
0000004	0000045
0000004	0000046
0000004	0000053
0000004	0000057
0000004	0000069
0000005	0000006
0000005	0000007
0000005	0000009
0000005	0000010
0000005	0000013
0000005	0000014
0000005	0000017
0000005	0000021
0000005	0000025
0000005	0000028
0000005	0000030
0000005	0000036
0000005	0000045
0000005	0000050
0000005	0000055
0000005	0000060
0000005	0000063
0000005	0000076
0000005	0000093
0000006	0000007
0000006	0000008
0000006	0000013
0000006	0000014
0000006	0000019
0000006	0000024
0000006	0000026
0000006	0000028
0000006	0000033
0000006	0000042
0000006	0000058
0000006	0000079
0000007	0000009
0000007	0000013
0000007	0000015
0000007	0000018
0000007	0000020
0000007	0000022
0000007	0000025
0000007	0000027
0000007	0000032
0000007	0000034
0000007	0000039
0000007	0000043
0000007	0000064
0000007	0000084
0000008	0000012
0000008	0000013
0000008	0000014
0000008	0000018
0000008	0000023
0000008	0000024
0000008	0000042
0000008	0000049
0000008	0000054
0000008	0000062
0000008	0000074
0000008	0000083
0000008	0000096
0000009	0000010
0000009	0000011
0000009	0000013
0000009	0000016
0000009	0000017
0000009	0000018
0000009	0000027
0000009	0000028
0000009	0000029
0000009	0000033
0000009	0000034
0000009	0000039
0000009	0000044
0000009	0000046
0000009	0000049
0000009	0000061
0000009	0000069
0000009	0000087
0000009	0000096
0000010	0000013
0000010	0000015
0000010	0000018
0000010	0000024
0000010	0000028
0000010	0000030
0000010	0000033
0000010	0000041
0000010	0000062
0000010	0000079
0000010	0000098
0000011	0000012
0000011	0000014
0000011	0000015
0000011	0000020
0000011	0000026
0000011	0000036
0000011	0000038
0000011	0000046
0000011	0000060
0000011	0000089
0000011	0000090
0000011	0000096
0000011	0000099
0000012	0000021
0000012	0000022
0000012	0000024
0000012	0000030
0000012	0000035
0000012	0000037
0000012	0000044
0000012	0000045
0000012	0000049
0000012	0000054
0000012	0000056
0000012	0000062
0000012	0000063
0000012	0000065
0000012	0000067
0000012	0000099
0000013	0000015
0000013	0000016
0000013	0000018
0000013	0000023
0000013	0000024
0000013	0000025
0000013	0000043
0000013	0000054
0000013	0000072
0000014	0000018
0000014	0000023
0000014	0000031
0000014	0000064
0000014	0000073
0000014	0000075
0000014	0000078
0000014	0000084
0000015	0000017
0000015	0000023
0000015	0000027
0000015	0000031
0000015	0000037
0000015	0000042
0000015	0000046
0000015	0000050
0000015	0000055
0000015	0000056
0000015	0000067
0000015	0000093
0000016	0000019
0000016	0000022
0000016	0000024
0000016	0000027
0000016	0000036
0000016	0000037
0000016	0000045
0000016	0000047
0000016	0000059
0000016	0000068
0000016	0000071
0000016	0000077
0000016	0000093
0000017	0000020
0000017	0000023
0000017	0000025
0000017	0000028
0000017	0000030
0000017	0000049
0000017	0000056
0000017	0000079
0000017	0000091
0000017	0000097
0000018	0000020
0000018	0000022
0000018	0000025
0000018	0000026
0000018	0000030
0000018	0000046
0000018	0000057
0000018	0000064
0000018	0000069
0000018	0000072
0000018	0000078
0000018	0000089
0000018	0000092
0000018	0000100
0000019	0000023
0000019	0000027
0000019	0000032
0000019	0000037
0000019	0000051
0000019	0000055
0000019	0000065
0000019	0000068
0000019	0000072
0000019	0000076
0000019	0000092
0000019	0000096
0000019	0000097
0000020	0000029
0000020	0000034
0000020	0000036
0000020	0000045
0000020	0000052
0000020	0000057
0000020	0000078
0000020	0000080
0000020	0000086
0000020	0000089
0000020	0000097
0000021	0000022
0000021	0000027
0000021	0000034
0000021	0000040
0000021	0000045
0000021	0000050
0000021	0000054
0000021	0000057
0000021	0000062
0000021	0000065
0000021	0000098
0000022	0000024
0000022	0000045
0000022	0000055
0000022	0000068
0000022	0000073
0000022	0000087
0000023	0000030
0000023	0000037
0000023	0000045
0000023	0000067
0000023	0000083
0000023	0000089
0000024	0000035
0000024	0000038
0000024	0000045
0000024	0000054
0000024	0000056
0000024	0000065
0000024	0000088
0000024	0000092
0000025	0000031
0000025	0000038
0000025	0000047
0000025	0000051
0000025	0000058
0000025	0000072
0000025	0000075
0000025	0000089
0000025	0000092
0000026	0000029
0000026	0000040
0000026	0000043
0000026	0000044
0000026	0000054
0000026	0000060
0000026	0000061
0000026	0000074
0000026	0000077
0000026	0000084
0000026	0000088
0000026	0000099
0000027	0000029
0000027	0000032
0000027	0000039
0000027	0000044
0000027	0000047
0000027	0000052
0000027	0000054
0000027	0000064
0000027	0000067
0000027	0000072
0000027	0000084
0000027	0000096
0000028	0000029
0000028	0000032
0000028	0000042
0000028	0000056
0000028	0000058
0000028	0000075
0000028	0000081
0000028	0000095
0000029	0000031
0000029	0000033
0000029	0000042
0000029	0000052
0000029	0000053
0000029	0000093
0000030	0000035
0000030	0000037
0000030	0000066
0000030	0000078
0000031	0000034
0000031	0000040
0000031	0000041
0000031	0000045
0000031	0000054
0000031	0000066
0000031	0000072
0000031	0000074
0000031	0000098
0000032	0000034
0000032	0000035
0000032	0000036
0000032	0000043
0000032	0000069
0000033	0000034
0000033	0000035
0000033	0000036
0000033	0000046
0000033	0000048
0000033	0000055
0000033	0000065
0000033	0000069
0000033	0000078
0000034	0000037
0000034	0000046
0000034	0000051
0000034	0000057
0000034	0000089
0000034	0000096
0000035	0000042
0000035	0000047
0000035	0000049
0000035	0000068
0000035	0000077
0000035	0000089
0000036	0000039
0000036	0000048
0000036	0000085
0000036	0000097
0000037	0000038
0000037	0000062
0000037	0000077
0000037	0000089
0000037	0000092
0000037	0000094
0000038	0000039
0000038	0000042
0000038	0000044
0000038	0000045
0000038	0000070
0000038	0000079
0000039	0000044
0000039	0000059
0000039	0000063
0000039	0000071
0000039	0000073
0000039	0000075
0000040	0000043
0000040	0000048
0000040	0000058
0000040	0000061
0000040	0000073
0000040	0000092
0000041	0000061
0000041	0000076
0000041	0000081
0000042	0000049
0000042	0000050
0000042	0000052
0000042	0000056
0000042	0000058
0000042	0000067
0000042	0000069
0000042	0000072
0000042	0000096
0000042	0000098
0000043	0000061
0000043	0000066
0000043	0000081
0000044	0000046
0000044	0000057
0000044	0000067
0000044	0000070
0000044	0000083
0000044	0000095
0000044	0000098
0000045	0000051
0000045	0000056
0000045	0000064
0000045	0000072
0000045	0000080
0000046	0000049
0000046	0000053
0000046	0000054
0000046	0000078
0000046	0000082
0000046	0000090
0000046	0000092
0000046	0000098
0000047	0000048
0000047	0000058
0000047	0000060
0000047	0000066
0000047	0000068
0000047	0000095
0000047	0000096
0000048	0000053
0000048	0000068
0000049	0000052
0000049	0000054
0000049	0000083
0000050	0000066
0000050	0000076
0000050	0000078
0000050	0000081
0000050	0000094
0000051	0000061
0000051	0000064
0000051	0000069
0000052	0000075
0000053	0000054
0000053	0000057
0000053	0000079
0000054	0000086
0000055	0000066
0000055	0000075
0000055	0000091
0000056	0000065
0000056	0000067
0000056	0000068
0000056	0000071
0000056	0000074
0000056	0000078
0000056	0000081
0000057	0000059
0000057	0000073
0000058	0000087
0000058	0000096
0000059	0000065
0000059	0000076
0000059	0000087
0000060	0000070
0000060	0000082
0000060	0000085
0000060	0000098
0000061	0000066
0000062	0000083
0000062	0000090
0000062	0000091
0000063	0000071
0000063	0000079
0000063	0000092
0000064	0000070
0000065	0000074
0000065	0000087
0000066	0000070
0000066	0000078
0000066	0000083
0000066	0000090
0000067	0000079
0000067	0000088
0000068	0000098
0000069	0000086
0000071	0000075
0000071	0000088
0000071	0000089
0000071	0000091
0000072	0000090
0000072	0000100
0000073	0000074
0000073	0000078
0000073	0000086
0000073	0000089
0000074	0000087
0000075	0000088
0000076	0000085
0000076	0000100
0000077	0000080
0000077	0000091
0000078	0000092
0000079	0000092
0000079	0000098
0000081	0000085
0000083	0000087
0000083	0000091
0000084	0000096
0000087	0000090
0000088	0000089
0000090	0000098
0000098	0000099
