source	target
0000001	0000002
0000001	0000003
0000001	0000004
0000001	0000005
0000001	0000006
0000001	0000007
0000001	0000014
0000001	0000025
0000001	0000028
0000001	0000035
0000001	0000036
0000001	0000044
0000001	0000045
0000001	0000065
0000001	0000074
0000002	0000003
0000002	0000004
0000002	0000005
0000002	0000006
0000002	0000007
0000002	0000011
0000002	0000012
0000002	0000015
0000002	0000024
0000002	0000028
0000002	0000071
0000002	0000076
0000002	0000085
0000003	0000004
0000003	0000005
0000003	0000006
0000003	0000007
0000003	0000008
0000003	0000010
0000003	0000011
0000003	0000013
0000003	0000017
0000003	0000023
0000003	0000031
0000003	0000036
0000003	0000040
0000003	0000045
0000003	0000051
0000003	0000057
0000003	0000060
0000003	0000066
0000003	0000069
0000003	0000070
0000003	0000076
0000003	0000080
0000003	0000099
0000004	0000005
0000004	0000006
0000004	0000008
0000004	0000010
0000004	0000018
0000004	0000021
0000004	0000035
0000004	0000036
0000004	0000037
0000004	0000038
0000004	0000042
0000004	0000044
0000004	0000050
0000004	0000052
0000004	0000061
0000004	0000062
0000004	0000077
0000004	0000079
0000005	0000006
0000005	0000008
0000005	0000009
0000005	0000010
0000005	0000012
0000005	0000014
0000005	0000015
0000005	0000017
0000005	0000018
0000005	0000019
0000005	0000020
0000005	0000022
0000005	0000024
0000005	0000039
0000005	0000040
0000005	0000041
0000005	0000042
0000005	0000060
0000005	0000061
0000005	0000069
0000005	0000083
0000006	0000007
0000006	0000016
0000006	0000020
0000006	0000033
0000006	0000044
0000006	0000046
0000006	0000060
0000006	0000096
0000006	0000097
0000006	0000098
0000007	0000008
0000007	0000009
0000007	0000010
0000007	0000011
0000007	0000018
0000007	0000020
0000007	0000023
0000007	0000024
0000007	0000040
0000007	0000049
0000007	0000051
0000007	0000052
0000007	0000078
0000008	0000010
0000008	0000011
0000008	0000016
0000008	0000018
0000008	0000021
0000008	0000024
0000008	0000026
0000008	0000029
0000008	0000033
0000008	0000045
0000008	0000049
0000008	0000057
0000008	0000077
0000008	0000088
0000009	0000010
0000009	0000011
0000009	0000013
0000009	0000015
0000009	0000017
0000009	0000018
0000009	0000019
0000009	0000029
0000009	0000039
0000009	0000047
0000009	0000048
0000009	0000049
0000009	0000050
0000009	0000064
0000009	0000066
0000009	0000067
0000009	0000074
0000009	0000097
0000010	0000012
0000010	0000018
0000010	0000024
0000010	0000030
0000010	0000032
0000010	0000036
0000010	0000040
0000010	0000042
0000010	0000046
0000010	0000059
0000010	0000064
0000010	0000073
0000010	0000098
0000010	0000099
0000011	0000015
0000011	0000020
0000011	0000021
0000011	0000026
0000011	0000029
0000011	0000053
0000011	0000068
0000011	0000081
0000012	0000018
0000012	0000021
0000012	0000022
0000012	0000029
0000012	0000030
0000012	0000032
0000012	0000039
0000012	0000081
0000012	0000088
0000012	0000089
0000012	0000094
0000013	0000021
0000013	0000022
0000013	0000023
0000013	0000029
0000013	0000040
0000013	0000047
0000013	0000051
0000013	0000058
0000013	0000061
0000013	0000096
0000013	0000097
0000014	0000017
0000014	0000020
0000014	0000022
0000014	0000025
0000014	0000034
0000014	0000044
0000014	0000066
0000014	0000077
0000015	0000016
0000015	0000019
0000015	0000022
0000015	0000028
0000015	0000033
0000015	0000036
0000015	0000040
0000015	0000042
0000015	0000052
0000015	0000058
0000015	0000073
0000015	0000076
0000015	0000089
0000015	0000092
0000015	0000095
0000016	0000036
0000016	0000039
0000016	0000041
0000016	0000047
0000016	0000052
0000016	0000054
0000016	0000077
0000017	0000018
0000017	0000027
0000017	0000050
0000017	0000060
0000017	0000077
0000017	0000094
0000018	0000019
0000018	0000028
0000018	0000029
0000018	0000059
0000018	0000066
0000018	0000074
0000018	0000080
0000018	0000082
0000018	0000094
0000018	0000100
0000019	0000021
0000019	0000036
0000019	0000045
0000019	0000048
0000019	0000051
0000019	0000052
0000019	0000068
0000019	0000076
0000020	0000022
0000020	0000023
0000020	0000025
0000020	0000032
0000020	0000034
0000020	0000040
0000020	0000068
0000021	0000036
0000021	0000081
0000021	0000095
0000022	0000023
0000022	0000044
0000022	0000061
0000023	0000029
0000023	0000035
0000023	0000052
0000024	0000026
0000024	0000029
0000024	0000036
0000024	0000093
0000025	0000043
0000025	0000050
0000025	0000069
0000025	0000093
0000026	0000029
0000026	0000042
0000026	0000049
0000026	0000065
0000026	0000073
0000026	0000087
0000027	0000029
0000027	0000036
0000027	0000041
0000027	0000042
0000027	0000083
0000027	0000086
0000027	0000093
0000028	0000036
0000028	0000044
0000028	0000049
0000028	0000051
0000028	0000067
0000028	0000094
0000029	0000034
0000029	0000048
0000029	0000056
0000029	0000057
0000029	0000059
0000029	0000061
0000029	0000066
0000029	0000079
0000029	0000085
0000029	0000088
0000030	0000044
0000030	0000049
0000030	0000051
0000030	0000058
0000030	0000073
0000031	0000037
0000031	0000064
0000031	0000069
0000031	0000073
0000031	0000074
0000032	0000035
0000032	0000036
0000032	0000039
0000032	0000054
0000032	0000062
0000032	0000093
0000033	0000048
0000033	0000051
0000033	0000072
0000033	0000077
0000033	0000078
0000034	0000042
0000034	0000053
0000034	0000055
0000034	0000089
0000034	0000090
0000035	0000041
0000035	0000047
0000035	0000050
0000035	0000078
0000035	0000090
0000036	0000038
0000036	0000042
0000036	0000051
0000036	0000057
0000036	0000059
0000036	0000089
0000037	0000039
0000037	0000041
0000037	0000058
0000037	0000059
0000037	0000066
0000037	0000082
0000037	0000088
0000037	0000091
0000038	0000039
0000038	0000047
0000038	0000068
0000038	0000074
0000038	0000084
0000039	0000043
0000039	0000051
0000039	0000062
0000039	0000066
0000039	0000080
0000039	0000081
0000039	0000082
0000039	0000087
0000039	0000088
0000040	0000092
0000041	0000045
0000041	0000088
0000042	0000045
0000042	0000069
0000043	0000045
0000043	0000048
0000043	0000050
0000043	0000077
0000044	0000045
0000044	0000056
0000044	0000060
0000044	0000064
0000044	0000072
0000044	0000075
0000045	0000054
0000045	0000058
0000045	0000068
0000045	0000072
0000045	0000089
0000046	0000056
0000046	0000072
0000046	0000089
0000047	0000050
0000047	0000052
0000047	0000055
0000047	0000062
0000047	0000073
0000047	0000074
0000047	0000083
0000048	0000049
0000048	0000081
0000048	0000091
0000049	0000054
0000049	0000075
0000049	0000078
0000049	0000079
0000049	0000080
0000049	0000090
0000050	0000060
0000050	0000088
0000051	0000064
0000051	0000073
0000051	0000084
0000051	0000100
0000052	0000098
0000053	0000061
0000053	0000065
0000053	0000067
0000053	0000095
0000054	0000082
0000054	0000097
0000055	0000057
0000055	0000058
0000055	0000065
0000056	0000063
0000057	0000058
0000057	0000063
0000057	0000068
0000058	0000060
0000058	0000080
0000058	0000099
0000059	0000069
0000059	0000074
0000060	0000070
0000060	0000072
0000060	0000076
0000061	0000070
0000061	0000074
0000061	0000079
0000061	0000085
0000062	0000063
0000062	0000078
0000062	0000096
0000063	0000067
0000063	0000073
0000063	0000080
0000063	0000082
0000063	0000083
0000064	0000071
0000064	0000076
0000064	0000078
0000064	0000091
0000066	0000071
0000066	0000074
0000067	0000072
0000068	0000070
0000068	0000072
0000068	0000073
0000069	0000071
0000069	0000075
0000069	0000093
0000070	0000083
0000070	0000086
0000070	0000099
0000072	0000075
0000072	0000081
0000072	0000093
0000073	0000086
0000073	0000087
0000073	0000092
0000074	0000099
0000075	0000083
0000076	0000083
0000076	0000090
0000076	0000096
0000078	0000087
0000078	0000099
0000079	0000080
0000079	0000100
0000081	0000082
0000081	0000088
0000086	0000089
0000087	0000089
0000088	0000093
0000092	0000097
0000093	0000100
0000098	0000100
