source	target
0000001	0000002
0000001	0000003
0000001	0000004
0000001	0000005
0000001	0000006
0000001	0000007
0000001	0000008
0000001	0000009
0000001	0000010
0000001	0000014
0000001	0000023
0000001	0000028
0000001	0000032
0000001	0000042
0000001	0000048
0000001	0000070
0000001	0000071
0000001	0000100
0000002	0000003
0000002	0000004
0000002	0000005
0000002	0000006
0000002	0000009
0000002	0000014
0000002	0000015
0000002	0000016
0000002	0000022
0000002	0000023
0000002	0000027
0000002	0000028
0000002	0000038
0000002	0000053
0000002	0000063
0000002	0000075
0000002	0000083
0000002	0000098
0000003	0000004
0000003	0000005
0000003	0000006
0000003	0000007
0000003	0000008
0000003	0000009
0000003	0000012
0000003	0000013
0000003	0000014
0000003	0000018
0000003	0000036
0000003	0000053
0000003	0000054
0000003	0000065
0000004	0000005
0000004	0000006
0000004	0000007
0000004	0000009
0000004	0000011
0000004	0000012
0000004	0000013
0000004	0000018
0000004	0000021
0000004	0000023
0000004	0000032
0000004	0000053
0000004	0000058
0000004	0000059
0000004	0000072
0000004	0000080
0000004	0000095
0000005	0000006
0000005	0000008
0000005	0000011
0000005	0000015
0000005	0000019
0000005	0000033
0000005	0000049
0000005	0000063
0000005	0000064
0000005	0000066
0000005	0000069
0000005	0000075
0000005	0000088
0000006	0000007
0000006	0000010
0000006	0000012
0000006	0000013
0000006	0000014
0000006	0000016
0000006	0000020
0000006	0000028
0000006	0000029
0000006	0000038
0000006	0000041
0000006	0000047
0000006	0000096
0000007	0000009
0000007	0000010
0000007	0000011
0000007	0000014
0000007	0000018
0000007	0000019
0000007	0000020
0000007	0000021
0000007	0000022
0000007	0000023
0000007	0000027
0000007	0000040
0000007	0000041
0000007	0000048
0000007	0000051
0000007	0000056
0000007	0000063
0000007	0000066
0000007	0000067
0000007	0000072
0000007	0000075
0000007	0000081
0000008	0000009
0000008	0000010
0000008	0000015
0000008	0000017
0000008	0000019
0000008	0000022
0000008	0000023
0000008	0000027
0000008	0000041
0000008	0000043
0000008	0000045
0000008	0000060
0000008	0000061
0000008	0000078
0000008	0000083
0000009	0000012
0000009	0000013
0000009	0000017
0000009	0000023
0000009	0000029
0000009	0000037
0000009	0000065
0000009	0000070
0000009	0000079
0000009	0000098
0000010	0000011
0000010	0000014
0000010	0000017
0000010	0000023
0000010	0000024
0000010	0000030
0000010	0000031
0000010	0000052
0000010	0000096
0000011	0000012
0000011	0000014
0000011	0000016
0000011	0000017
0000011	0000018
0000011	0000019
0000011	0000024
0000011	0000033
0000011	0000034
0000011	0000035
0000011	0000038
0000011	0000040
0000011	0000048
0000011	0000075
0000011	0000085
0000011	0000093
0000011	0000096
0000012	0000017
0000012	0000020
0000012	0000023
0000012	0000028
0000012	0000032
0000012	0000036
0000012	0000043
0000012	0000046
0000012	0000061
0000012	0000082
0000012	0000088
0000012	0000091
0000012	0000099
0000013	0000015
0000013	0000016
0000013	0000017
0000013	0000019
0000013	0000024
0000013	0000025
0000013	0000026
0000013	0000028
0000013	0000036
0000013	0000041
0000013	0000060
0000013	0000064
0000013	0000068
0000013	0000079
0000013	0000081
0000013	0000100
0000014	0000015
0000014	0000017
0000014	0000019
0000014	0000021
0000014	0000031
0000014	0000038
0000014	0000042
0000014	0000044
0000014	0000052
0000015	0000019
0000015	0000023
0000015	0000031
0000015	0000034
0000015	0000039
0000015	0000049
0000015	0000054
0000016	0000017
0000016	0000020
0000016	0000021
0000016	0000024
0000016	0000026
0000016	0000033
0000016	0000034
0000016	0000042
0000016	0000059
0000017	0000022
0000017	0000023
0000017	0000024
0000017	0000028
0000017	0000034
0000017	0000035
0000017	0000037
0000017	0000042
0000017	0000043
0000017	0000044
0000017	0000075
0000017	0000077
0000018	0000020
0000018	0000021
0000018	0000022
0000018	0000024
0000018	0000026
0000018	0000028
0000018	0000030
0000018	0000037
0000018	0000041
0000018	0000042
0000018	0000044
0000018	0000064
0000018	0000073
0000018	0000083
0000019	0000022
0000019	0000023
0000019	0000024
0000019	0000025
0000019	0000029
0000019	0000032
0000019	0000045
0000019	0000048
0000019	0000057
0000019	0000097
0000019	0000100
0000020	0000021
0000020	0000025
0000020	0000033
0000020	0000042
0000020	0000064
0000020	0000067
0000020	0000071
0000020	0000086
0000021	0000022
0000021	0000023
0000021	0000026
0000021	0000032
0000021	0000035
0000021	0000040
0000021	0000045
0000021	0000059
0000021	0000065
0000022	0000029
0000022	0000034
0000022	0000045
0000022	0000081
0000022	0000082
0000022	0000085
0000022	0000097
0000023	0000025
0000023	0000031
0000023	0000041
0000023	0000045
0000023	0000046
0000023	0000052
0000023	0000060
0000023	0000063
0000023	0000084
0000023	0000090
0000024	0000027
0000024	0000028
0000024	0000034
0000024	0000035
0000025	0000034
0000025	0000035
0000025	0000039
0000025	0000062
0000025	0000066
0000025	0000070
0000025	0000075
0000026	0000029
0000026	0000030
0000026	0000033
0000026	0000044
0000026	0000050
0000026	0000052
0000027	0000029
0000027	0000031
0000027	0000047
0000027	0000056
0000027	0000092
0000028	0000029
0000028	0000031
0000028	0000040
0000028	0000043
0000028	0000044
0000028	0000048
0000029	0000038
0000029	0000043
0000029	0000060
0000029	0000074
0000029	0000076
0000030	0000037
0000030	0000068
0000030	0000087
0000031	0000035
0000031	0000036
0000031	0000038
0000031	0000040
0000031	0000045
0000031	0000053
0000031	0000066
0000031	0000092
0000031	0000095
0000032	0000033
0000032	0000037
0000032	0000041
0000032	0000055
0000032	0000058
0000033	0000037
0000033	0000044
0000033	0000046
0000033	0000050
0000033	0000065
0000034	0000048
0000034	0000066
0000035	0000046
0000035	0000050
0000035	0000062
0000035	0000068
0000035	0000100
0000036	0000041
0000036	0000044
0000036	0000045
0000036	0000052
0000036	0000083
0000037	0000051
0000037	0000052
0000037	0000065
0000037	0000077
0000037	0000082
0000037	0000090
0000037	0000093
0000038	0000042
0000038	0000056
0000038	0000064
0000038	0000065
0000038	0000090
0000039	0000046
0000039	0000057
0000039	0000058
0000039	0000067
0000039	0000069
0000039	0000081
0000039	0000087
0000040	0000068
0000040	0000086
0000040	0000096
0000040	0000097
0000041	0000059
0000041	0000060
0000041	0000066
0000041	0000069
0000041	0000082
0000041	0000094
0000041	0000097
0000042	0000043
0000042	0000050
0000042	0000053
0000042	0000055
0000042	0000071
0000042	0000086
0000043	0000046
0000043	0000057
0000043	0000066
0000043	0000069
0000043	0000075
0000043	0000078
0000043	0000089
0000044	0000046
0000044	0000047
0000044	0000056
0000044	0000061
0000044	0000078
0000044	0000088
0000044	0000099
0000045	0000053
0000045	0000058
0000045	0000060
0000045	0000077
0000045	0000079
0000046	0000050
0000046	0000054
0000046	0000068
0000046	0000085
0000046	0000090
0000046	0000096
0000047	0000054
0000047	0000099
0000048	0000050
0000048	0000062
0000048	0000063
0000048	0000065
0000048	0000072
0000048	0000076
0000049	0000052
0000049	0000054
0000049	0000062
0000049	0000068
0000049	0000075
0000049	0000089
0000050	0000059
0000050	0000062
0000050	0000100
0000051	0000058
0000051	0000066
0000051	0000067
0000051	0000074
0000051	0000088
0000051	0000091
0000051	0000094
0000051	0000095
0000051	0000099
0000052	0000057
0000052	0000059
0000052	0000074
0000052	0000088
0000053	0000055
0000053	0000069
0000053	0000085
0000053	0000090
0000054	0000065
0000055	0000063
0000055	0000084
0000056	0000059
0000056	0000063
0000056	0000070
0000056	0000074
0000057	0000073
0000057	0000094
0000058	0000060
0000058	0000065
0000058	0000077
0000059	0000070
0000060	0000064
0000061	0000068
0000062	0000074
0000062	0000076
0000063	0000088
0000063	0000098
0000064	0000086
0000065	0000085
0000066	0000070
0000066	0000095
0000066	0000099
0000067	0000071
0000067	0000083
0000067	0000090
0000067	0000098
0000068	0000086
0000068	0000098
0000068	0000099
0000069	0000073
0000069	0000074
0000069	0000084
0000070	0000076
0000070	0000080
0000070	0000096
0000072	0000088
0000074	0000077
0000074	0000079
0000074	0000080
0000075	0000084
0000075	0000087
0000076	0000088
0000077	0000084
0000077	0000093
0000078	0000086
0000079	0000081
0000080	0000086
0000083	0000092
0000084	0000100
0000085	0000089
0000085	0000095
0000085	0000098
0000086	0000092
0000086	0000096
0000090	0000095
0000092	0000099
0000094	0000098
0000095	0000100
0000096	0000100
