source	target
0000001	0000002
0000001	0000003
0000001	0000004
0000001	0000005
0000001	0000006
0000001	0000008
0000001	0000009
0000001	0000011
0000001	0000012
0000001	0000018
0000001	0000022
0000001	0000024
0000001	0000034
0000001	0000035
0000001	0000040
0000001	0000053
0000001	0000054
0000001	0000067
0000002	0000003
0000002	0000004
0000002	0000005
0000002	0000006
0000002	0000008
0000002	0000010
0000002	0000013
0000002	0000023
0000002	0000024
0000002	0000034
0000002	0000046
0000002	0000053
0000002	0000076
0000002	0000080
0000003	0000004
0000003	0000005
0000003	0000006
0000003	0000007
0000003	0000008
0000003	0000010
0000003	0000011
0000003	0000014
0000003	0000015
0000003	0000016
0000003	0000018
0000003	0000019
0000003	0000020
0000003	0000024
0000003	0000038
0000003	0000042
0000003	0000052
0000003	0000072
0000003	0000081
0000003	0000100
0000004	0000005
0000004	0000006
0000004	0000007
0000004	0000008
0000004	0000010
0000004	0000012
0000004	0000013
0000004	0000015
0000004	0000017
0000004	0000024
0000004	0000033
0000004	0000034
0000004	0000035
0000004	0000043
0000004	0000069
0000004	0000099
0000005	0000006
0000005	0000008
0000005	0000012
0000005	0000013
0000005	0000018
0000005	0000030
0000005	0000043
0000005	0000044
0000005	0000055
0000005	0000074
0000005	0000080
0000005	0000081
0000005	0000088
0000005	0000093
0000006	0000007
0000006	0000008
0000006	0000009
0000006	0000010
0000006	0000014
0000006	0000017
0000006	0000018
0000006	0000020
0000006	0000025
0000006	0000028
0000006	0000030
0000006	0000033
0000006	0000039
0000006	0000054
0000006	0000095
0000007	0000008
0000007	0000010
0000007	0000012
0000007	0000017
0000007	0000035
0000007	0000038
0000007	0000051
0000007	0000058
0000007	0000068
0000007	0000071
0000007	0000072
0000007	0000084
0000007	0000099
0000008	0000010
0000008	0000011
0000008	0000012
0000008	0000013
0000008	0000023
0000008	0000025
0000008	0000032
0000008	0000034
0000008	0000041
0000008	0000045
0000008	0000092
0000009	0000010
0000009	0000011
0000009	0000012
0000009	0000017
0000009	0000020
0000009	0000021
0000009	0000022
0000009	0000024
0000009	0000025
0000009	0000033
0000009	0000053
0000009	0000065
0000009	0000090
0000009	0000093
0000010	0000011
0000010	0000013
0000010	0000015
0000010	0000019
0000010	0000024
0000010	0000028
0000010	0000030
0000010	0000056
0000010	0000060
0000010	0000061
0000010	0000074
0000010	0000099
0000011	0000016
0000011	0000017
0000011	0000020
0000011	0000026
0000011	0000030
0000011	0000037
0000011	0000041
0000011	0000062
0000011	0000072
0000011	0000081
0000011	0000085
0000011	0000099
0000012	0000017
0000012	0000018
0000012	0000019
0000012	0000023
0000012	0000029
0000012	0000031
0000012	0000034
0000012	0000050
0000012	0000062
0000012	0000066
0000012	0000069
0000013	0000017
0000013	0000018
0000013	0000019
0000013	0000023
0000013	0000052
0000013	0000053
0000013	0000062
0000013	0000075
0000013	0000090
0000014	0000018
0000014	0000021
0000014	0000028
0000014	0000030
0000014	0000053
0000014	0000063
0000014	0000079
0000015	0000017
0000015	0000023
0000015	0000026
0000015	0000027
0000015	0000028
0000015	0000030
0000015	0000033
0000015	0000046
0000015	0000063
0000015	0000066
0000015	0000071
0000015	0000089
0000016	0000017
0000016	0000020
0000016	0000044
0000016	0000045
0000016	0000059
0000016	0000062
0000016	0000066
0000016	0000077
0000017	0000020
0000017	0000021
0000017	0000036
0000017	0000040
0000017	0000043
0000017	0000048
0000017	0000059
0000017	0000063
0000017	0000065
0000017	0000083
0000017	0000096
0000018	0000022
0000018	0000023
0000018	0000024
0000018	0000046
0000018	0000048
0000018	0000054
0000018	0000055
0000018	0000059
0000018	0000075
0000018	0000090
0000018	0000097
0000019	0000028
0000019	0000030
0000019	0000039
0000019	0000040
0000019	0000042
0000019	0000098
0000020	0000021
0000020	0000024
0000020	0000025
0000020	0000026
0000020	0000046
0000020	0000061
0000020	0000080
0000020	0000100
0000021	0000026
0000021	0000027
0000021	0000033
0000021	0000035
0000021	0000037
0000021	0000049
0000021	0000054
0000021	0000056
0000021	0000069
0000021	0000084
0000022	0000027
0000022	0000028
0000022	0000038
0000022	0000042
0000022	0000058
0000022	0000069
0000022	0000071
0000022	0000093
0000022	0000097
0000022	0000099
0000023	0000030
0000023	0000031
0000023	0000039
0000024	0000028
0000024	0000036
0000024	0000038
0000024	0000040
0000024	0000043
0000024	0000053
0000024	0000054
0000024	0000081
0000025	0000031
0000025	0000032
0000025	0000048
0000025	0000058
0000025	0000060
0000026	0000027
0000026	0000038
0000026	0000046
0000026	0000061
0000026	0000072
0000026	0000091
0000026	0000099
0000027	0000030
0000027	0000039
0000027	0000044
0000027	0000067
0000027	0000082
0000028	0000046
0000028	0000053
0000028	0000070
0000028	0000073
0000028	0000098
0000029	0000032
0000029	0000036
0000029	0000040
0000029	0000051
0000029	0000058
0000029	0000080
0000030	0000039
0000030	0000042
0000030	0000043
0000030	0000044
0000030	0000050
0000030	0000054
0000030	0000055
0000030	0000058
0000030	0000066
0000030	0000067
0000030	0000070
0000030	0000080
0000030	0000089
0000030	0000091
0000031	0000037
0000031	0000041
0000031	0000054
0000031	0000056
0000031	0000070
0000031	0000073
0000031	0000086
0000031	0000098
0000032	0000042
0000032	0000045
0000032	0000046
0000032	0000072
0000033	0000035
0000033	0000036
0000033	0000052
0000033	0000054
0000033	0000059
0000034	0000037
0000034	0000043
0000034	0000046
0000034	0000054
0000034	0000082
0000035	0000040
0000035	0000042
0000035	0000050
0000035	0000062
0000035	0000065
0000035	0000071
0000035	0000076
0000035	0000077
0000035	0000096
0000036	0000047
0000036	0000050
0000036	0000075
0000036	0000081
0000036	0000088
0000037	0000049
0000037	0000055
0000037	0000056
0000037	0000069
0000037	0000085
0000038	0000052
0000038	0000071
0000038	0000079
0000038	0000085
0000038	0000093
0000039	0000042
0000039	0000043
0000039	0000044
0000039	0000049
0000039	0000054
0000039	0000055
0000039	0000068
0000039	0000083
0000040	0000045
0000040	0000060
0000040	0000063
0000040	0000079
0000040	0000097
0000041	0000043
0000041	0000056
0000041	0000060
0000041	0000083
0000041	0000086
0000042	0000043
0000042	0000045
0000042	0000049
0000042	0000060
0000042	0000062
0000042	0000098
0000043	0000057
0000043	0000060
0000043	0000094
0000044	0000046
0000044	0000063
0000044	0000064
0000044	0000083
0000044	0000085
0000044	0000088
0000044	0000094
0000045	0000051
0000045	0000057
0000045	0000062
0000045	0000067
0000045	0000082
0000045	0000083
0000046	0000067
0000046	0000092
0000046	0000094
0000046	0000098
0000047	0000065
0000047	0000069
0000047	0000084
0000047	0000100
0000048	0000051
0000048	0000068
0000048	0000071
0000048	0000074
0000048	0000086
0000049	0000051
0000049	0000077
0000050	0000061
0000050	0000067
0000050	0000083
0000051	0000068
0000051	0000074
0000051	0000095
0000052	0000058
0000052	0000061
0000052	0000066
0000052	0000073
0000052	0000090
0000053	0000059
0000053	0000064
0000053	0000071
0000053	0000087
0000054	0000065
0000054	0000085
0000055	0000078
0000055	0000098
0000056	0000089
0000056	0000092
0000056	0000099
0000057	0000083
0000058	0000076
0000058	0000089
0000058	0000091
0000058	0000098
0000059	0000069
0000060	0000062
0000060	0000079
0000060	0000083
0000060	0000092
0000061	0000075
0000061	0000087
0000061	0000095
0000061	0000098
0000062	0000081
0000062	0000091
0000063	0000077
0000063	0000078
0000064	0000069
0000064	0000084
0000064	0000093
0000065	0000082
0000066	0000072
0000066	0000084
0000066	0000091
0000067	0000075
0000067	0000088
0000068	0000076
0000069	0000076
0000069	0000098
0000072	0000086
0000072	0000096
0000073	0000100
0000074	0000088
0000075	0000085
0000075	0000086
0000075	0000097
0000077	0000084
0000077	0000086
0000078	0000084
0000078	0000094
0000079	0000099
0000080	0000088
0000080	0000092
0000081	0000088
0000081	0000098
0000083	0000093
0000085	0000092
0000087	0000099
0000088	0000094
0000089	0000096
