source	target
0000001	0000002
0000001	0000003
0000001	0000004
0000001	0000005
0000001	0000006
0000001	0000008
0000001	0000009
0000001	0000010
0000001	0000011
0000001	0000012
0000001	0000014
0000001	0000015
0000001	0000020
0000001	0000021
0000001	0000023
0000001	0000038
0000001	0000050
0000001	0000062
0000001	0000069
0000001	0000076
0000001	0000084
0000001	0000089
0000002	0000003
0000002	0000004
0000002	0000005
0000002	0000006
0000002	0000007
0000002	0000008
0000002	0000009
0000002	0000010
0000002	0000012
0000002	0000014
0000002	0000015
0000002	0000021
0000002	0000035
0000002	0000044
0000002	0000074
0000002	0000088
0000003	0000004
0000003	0000005
0000003	0000007
0000003	0000008
0000003	0000009
0000003	0000010
0000003	0000011
0000003	0000012
0000003	0000013
0000003	0000015
0000003	0000016
0000003	0000018
0000003	0000019
0000003	0000022
0000003	0000023
0000003	0000032
0000003	0000038
0000003	0000051
0000003	0000053
0000003	0000056
0000003	0000063
0000003	0000074
0000003	0000093
0000004	0000005
0000004	0000006
0000004	0000009
0000004	0000014
0000004	0000015
0000004	0000024
0000004	0000027
0000004	0000047
0000004	0000057
0000004	0000071
0000004	0000073
0000004	0000078
0000004	0000081
0000004	0000083
0000004	0000097
0000004	0000099
0000005	0000006
0000005	0000007
0000005	0000008
0000005	0000009
0000005	0000013
0000005	0000014
0000005	0000017
0000005	0000019
0000005	0000021
0000005	0000027
0000005	0000028
0000005	0000038
0000005	0000055
0000005	0000064
0000005	0000066
0000005	0000069
0000005	0000076
0000005	0000081
0000005	0000089
0000006	0000007
0000006	0000009
0000006	0000010
0000006	0000013
0000006	0000014
0000006	0000017
0000006	0000018
0000006	0000028
0000006	0000031
0000006	0000034
0000006	0000047
0000006	0000049
0000006	0000054
0000006	0000061
0000006	0000064
0000006	0000065
0000006	0000072
0000007	0000008
0000007	0000009
0000007	0000014
0000007	0000018
0000007	0000019
0000007	0000022
0000007	0000028
0000007	0000029
0000007	0000034
0000007	0000035
0000007	0000038
0000007	0000041
0000007	0000047
0000007	0000055
0000007	0000058
0000007	0000098
0000008	0000009
0000008	0000010
0000008	0000013
0000008	0000016
0000008	0000018
0000008	0000020
0000008	0000022
0000008	0000024
0000008	0000025
0000008	0000035
0000008	0000038
0000008	0000044
0000008	0000046
0000008	0000086
0000008	0000091
0000009	0000010
0000009	0000012
0000009	0000013
0000009	0000014
0000009	0000019
0000009	0000020
0000009	0000021
0000009	0000027
0000009	0000033
0000009	0000037
0000009	0000042
0000009	0000055
0000009	0000057
0000009	0000059
0000009	0000060
0000009	0000068
0000009	0000071
0000009	0000088
0000010	0000014
0000010	0000018
0000010	0000023
0000010	0000028
0000010	0000039
0000010	0000044
0000010	0000048
0000010	0000052
0000010	0000056
0000010	0000067
0000010	0000079
0000010	0000089
0000010	0000095
0000011	0000014
0000011	0000018
0000011	0000024
0000011	0000025
0000011	0000026
0000011	0000027
0000011	0000036
0000011	0000042
0000011	0000045
0000011	0000060
0000011	0000066
0000011	0000067
0000011	0000070
0000011	0000082
0000011	0000099
0000012	0000013
0000012	0000014
0000012	0000017
0000012	0000018
0000012	0000019
0000012	0000028
0000012	0000032
0000012	0000033
0000012	0000041
0000012	0000045
0000012	0000052
0000012	0000064
0000012	0000065
0000012	0000084
0000013	0000016
0000013	0000017
0000013	0000019
0000013	0000024
0000013	0000025
0000013	0000027
0000013	0000034
0000013	0000037
0000013	0000038
0000013	0000040
0000013	0000059
0000013	0000062
0000013	0000063
0000013	0000091
0000014	0000027
0000014	0000028
0000014	0000032
0000014	0000033
0000014	0000037
0000014	0000054
0000014	0000055
0000014	0000057
0000014	0000058
0000014	0000100
0000015	0000017
0000015	0000018
0000015	0000019
0000015	0000021
0000015	0000025
0000015	0000026
0000015	0000027
0000015	0000032
0000015	0000034
0000015	0000036
0000015	0000044
0000015	0000048
0000015	0000049
0000015	0000051
0000015	0000054
0000015	0000099
0000015	0000100
0000016	0000017
0000016	0000018
0000016	0000021
0000016	0000025
0000016	0000029
0000016	0000034
0000016	0000037
0000016	0000041
0000016	0000046
0000016	0000048
0000016	0000056
0000016	0000070
0000016	0000089
0000017	0000018
0000017	0000019
0000017	0000027
0000017	0000029
0000017	0000053
0000017	0000054
0000018	0000024
0000018	0000028
0000018	0000030
0000018	0000038
0000018	0000039
0000018	0000051
0000018	0000059
0000018	0000061
0000018	0000075
0000018	0000079
0000019	0000020
0000019	0000021
0000019	0000028
0000019	0000045
0000019	0000052
0000019	0000077
0000019	0000087
0000020	0000038
0000020	0000048
0000020	0000057
0000020	0000068
0000020	0000075
0000020	0000082
0000020	0000093
0000020	0000096
0000020	0000097
0000021	0000038
0000021	0000041
0000021	0000047
0000021	0000066
0000021	0000077
0000021	0000089
0000021	0000096
0000021	0000097
0000022	0000024
0000022	0000026
0000022	0000028
0000022	0000029
0000022	0000032
0000022	0000036
0000022	0000042
0000022	0000054
0000022	0000057
0000022	0000058
0000022	0000065
0000022	0000069
0000022	0000086
0000023	0000030
0000023	0000031
0000023	0000035
0000023	0000040
0000023	0000043
0000023	0000044
0000023	0000046
0000023	0000058
0000023	0000075
0000023	0000080
0000024	0000026
0000024	0000027
0000024	0000030
0000024	0000040
0000024	0000041
0000024	0000057
0000024	0000067
0000024	0000068
0000024	0000071
0000024	0000086
0000024	0000092
0000025	0000027
0000025	0000035
0000025	0000049
0000025	0000059
0000025	0000067
0000025	0000069
0000025	0000070
0000025	0000080
0000025	0000083
0000025	0000087
0000025	0000097
0000026	0000030
0000026	0000037
0000026	0000049
0000026	0000050
0000026	0000056
0000026	0000069
0000026	0000093
0000026	0000100
0000027	0000028
0000027	0000032
0000027	0000038
0000027	0000039
0000027	0000047
0000027	0000053
0000027	0000054
0000027	0000063
0000027	0000081
0000027	0000083
0000027	0000099
0000028	0000036
0000028	0000039
0000028	0000041
0000028	0000047
0000028	0000048
0000028	0000052
0000028	0000060
0000028	0000066
0000028	0000074
0000028	0000085
0000029	0000033
0000029	0000040
0000029	0000052
0000029	0000055
0000029	0000070
0000029	0000072
0000029	0000091
0000030	0000036
0000030	0000037
0000030	0000040
0000030	0000041
0000030	0000044
0000030	0000066
0000030	0000084
0000030	0000092
0000030	0000096
0000031	0000032
0000031	0000038
0000031	0000040
0000031	0000044
0000031	0000045
0000031	0000052
0000031	0000053
0000031	0000057
0000031	0000067
0000031	0000071
0000031	0000073
0000031	0000076
0000031	0000079
0000031	0000092
0000032	0000035
0000032	0000037
0000032	0000050
0000032	0000056
0000032	0000058
0000032	0000076
0000032	0000079
0000032	0000093
0000033	0000046
0000033	0000064
0000033	0000083
0000033	0000086
0000033	0000091
0000034	0000046
0000034	0000049
0000034	0000067
0000035	0000044
0000035	0000059
0000035	0000075
0000035	0000100
0000036	0000037
0000036	0000038
0000036	0000052
0000036	0000055
0000036	0000057
0000036	0000060
0000036	0000073
0000037	0000039
0000037	0000055
0000037	0000057
0000037	0000062
0000037	0000074
0000037	0000082
0000037	0000100
0000038	0000042
0000038	0000045
0000038	0000049
0000038	0000063
0000038	0000071
0000038	0000077
0000038	0000082
0000038	0000086
0000038	0000094
0000038	0000098
0000039	0000049
0000039	0000072
0000039	0000090
0000039	0000094
0000039	0000096
0000040	0000043
0000040	0000047
0000040	0000048
0000040	0000059
0000041	0000043
0000041	0000045
0000041	0000050
0000041	0000053
0000041	0000058
0000041	0000064
0000041	0000080
0000041	0000089
0000041	0000091
0000042	0000052
0000042	0000072
0000042	0000090
0000043	0000051
0000043	0000065
0000043	0000070
0000043	0000075
0000043	0000077
0000043	0000086
0000044	0000050
0000044	0000074
0000045	0000049
0000045	0000067
0000045	0000080
0000046	0000057
0000046	0000058
0000046	0000062
0000046	0000067
0000046	0000073
0000046	0000093
0000046	0000094
0000047	0000061
0000047	0000080
0000047	0000093
0000048	0000050
0000048	0000057
0000048	0000060
0000048	0000067
0000048	0000076
0000048	0000084
0000048	0000087
0000048	0000091
0000049	0000070
0000050	0000055
0000050	0000071
0000050	0000083
0000050	0000086
0000051	0000062
0000051	0000075
0000051	0000087
0000051	0000090
0000051	0000097
0000052	0000056
0000052	0000066
0000052	0000077
0000052	0000089
0000052	0000096
0000052	0000099
0000054	0000056
0000054	0000069
0000054	0000077
0000054	0000096
0000055	0000066
0000055	0000071
0000055	0000078
0000056	0000066
0000056	0000073
0000056	0000075
0000056	0000082
0000057	0000060
0000057	0000068
0000057	0000082
0000057	0000084
0000057	0000089
0000058	0000060
0000058	0000075
0000058	0000083
0000058	0000096
0000059	0000089
0000060	0000064
0000060	0000066
0000060	0000081
0000061	0000069
0000061	0000073
0000062	0000077
0000062	0000093
0000063	0000071
0000063	0000073
0000064	0000071
0000064	0000074
0000064	0000077
0000065	0000073
0000065	0000079
0000065	0000087
0000065	0000091
0000065	0000097
0000065	0000100
0000066	0000086
0000067	0000080
0000068	0000095
0000068	0000096
0000069	0000079
0000070	0000078
0000070	0000091
0000070	0000094
0000071	0000073
0000071	0000074
0000071	0000094
0000072	0000073
0000072	0000074
0000072	0000086
0000072	0000090
0000072	0000100
0000073	0000078
0000073	0000079
0000073	0000084
0000074	0000076
0000074	0000079
0000074	0000092
0000074	0000096
0000075	0000078
0000075	0000081
0000075	0000087
0000076	0000077
0000076	0000081
0000076	0000086
0000076	0000099
0000077	0000093
0000080	0000087
0000080	0000095
0000081	0000082
0000081	0000088
0000081	0000091
0000081	0000095
0000082	0000090
0000083	0000087
0000083	0000096
0000084	0000090
0000085	0000091
0000085	0000095
0000085	0000099
0000089	0000092
0000091	0000096
0000092	0000098
0000094	0000099
0000095	0000098
