source	target
0000001	0000002
0000001	0000003
0000001	0000004
0000001	0000006
0000001	0000007
0000001	0000008
0000001	0000009
0000001	0000011
0000001	0000014
0000001	0000023
0000001	0000024
0000001	0000028
0000001	0000029
0000001	0000033
0000001	0000035
0000001	0000049
0000001	0000061
0000001	0000063
0000001	0000066
0000001	0000070
0000001	0000072
0000001	0000100
0000002	0000003
0000002	0000004
0000002	0000007
0000002	0000008
0000002	0000009
0000002	0000010
0000002	0000012
0000002	0000013
0000002	0000015
0000002	0000016
0000002	0000027
0000002	0000028
0000002	0000029
0000002	0000032
0000002	0000034
0000002	0000036
0000002	0000038
0000002	0000076
0000002	0000092
0000003	0000006
0000003	0000007
0000003	0000008
0000003	0000009
0000003	0000010
0000003	0000011
0000003	0000017
0000003	0000018
0000003	0000024
0000003	0000026
0000003	0000030
0000003	0000042
0000003	0000043
0000003	0000054
0000003	0000097
0000004	0000005
0000004	0000006
0000004	0000007
0000004	0000008
0000004	0000009
0000004	0000010
0000004	0000011
0000004	0000014
0000004	0000015
0000004	0000021
0000004	0000028
0000004	0000036
0000004	0000043
0000004	0000058
0000004	0000070
0000005	0000006
0000005	0000007
0000005	0000008
0000005	0000009
0000005	0000010
0000005	0000015
0000005	0000016
0000005	0000017
0000005	0000019
0000005	0000020
0000005	0000021
0000005	0000027
0000005	0000031
0000005	0000042
0000005	0000046
0000005	0000051
0000005	0000055
0000005	0000056
0000005	0000058
0000005	0000071
0000006	0000007
0000006	0000010
0000006	0000013
0000006	0000014
0000006	0000015
0000006	0000017
0000006	0000020
0000006	0000023
0000006	0000035
0000006	0000037
0000006	0000041
0000006	0000043
0000006	0000052
0000006	0000062
0000006	0000075
0000006	0000091
0000006	0000092
0000007	0000008
0000007	0000010
0000007	0000011
0000007	0000012
0000007	0000022
0000007	0000023
0000007	0000026
0000007	0000033
0000007	0000034
0000007	0000054
0000007	0000062
0000007	0000066
0000007	0000070
0000007	0000089
0000008	0000009
0000008	0000010
0000008	0000011
0000008	0000015
0000008	0000016
0000008	0000023
0000008	0000032
0000008	0000035
0000008	0000044
0000008	0000048
0000008	0000052
0000008	0000059
0000008	0000074
0000008	0000076
0000008	0000083
0000009	0000026
0000009	0000034
0000009	0000041
0000009	0000053
0000009	0000056
0000009	0000063
0000009	0000094
0000010	0000011
0000010	0000014
0000010	0000015
0000010	0000036
0000010	0000052
0000010	0000057
0000010	0000058
0000010	0000064
0000010	0000068
0000010	0000079
0000011	0000014
0000011	0000017
0000011	0000019
0000011	0000020
0000011	0000023
0000011	0000024
0000011	0000032
0000011	0000033
0000011	0000041
0000011	0000044
0000011	0000058
0000011	0000100
0000012	0000016
0000012	0000022
0000012	0000026
0000012	0000028
0000012	0000031
0000012	0000057
0000012	0000075
0000012	0000092
0000012	0000095
0000012	0000098
0000013	0000015
0000013	0000022
0000013	0000025
0000013	0000029
0000013	0000032
0000013	0000035
0000013	0000036
0000013	0000043
0000013	0000053
0000013	0000062
0000013	0000074
0000013	0000077
0000013	0000100
0000014	0000015
0000014	0000016
0000014	0000018
0000014	0000019
0000014	0000021
0000014	0000023
0000014	0000029
0000014	0000042
0000014	0000051
0000014	0000052
0000014	0000062
0000014	0000073
0000014	0000076
0000014	0000089
0000014	0000098
0000015	0000025
0000015	0000027
0000015	0000032
0000015	0000040
0000015	0000047
0000015	0000055
0000016	0000017
0000016	0000019
0000016	0000023
0000016	0000025
0000016	0000051
0000016	0000059
0000017	0000018
0000017	0000023
0000017	0000030
0000017	0000031
0000017	0000057
0000017	0000064
0000017	0000068
0000017	0000073
0000017	0000084
0000018	0000019
0000018	0000020
0000018	0000026
0000018	0000031
0000018	0000044
0000018	0000054
0000018	0000073
0000018	0000084
0000018	0000092
0000019	0000027
0000019	0000029
0000019	0000031
0000019	0000034
0000019	0000047
0000019	0000064
0000020	0000042
0000020	0000044
0000020	0000045
0000020	0000047
0000020	0000064
0000020	0000066
0000020	0000082
0000021	0000024
0000021	0000028
0000021	0000040
0000021	0000043
0000021	0000044
0000021	0000048
0000021	0000058
0000021	0000059
0000021	0000080
0000022	0000024
0000022	0000030
0000022	0000035
0000022	0000038
0000022	0000041
0000022	0000043
0000022	0000045
0000023	0000024
0000023	0000025
0000023	0000049
0000023	0000052
0000023	0000081
0000024	0000025
0000024	0000035
0000024	0000073
0000024	0000096
0000025	0000031
0000025	0000043
0000025	0000071
0000025	0000077
0000025	0000083
0000026	0000028
0000026	0000038
0000026	0000046
0000026	0000048
0000026	0000078
0000026	0000079
0000026	0000090
0000026	0000092
0000026	0000094
0000027	0000028
0000027	0000032
0000027	0000043
0000027	0000046
0000027	0000057
0000027	0000078
0000028	0000037
0000028	0000076
0000028	0000098
0000029	0000037
0000029	0000038
0000029	0000044
0000029	0000046
0000029	0000052
0000029	0000068
0000030	0000031
0000030	0000037
0000030	0000039
0000030	0000041
0000030	0000064
0000030	0000078
0000030	0000094
0000031	0000061
0000031	0000070
0000032	0000035
0000032	0000051
0000032	0000065
0000032	0000067
0000032	0000070
0000033	0000048
0000033	0000061
0000033	0000063
0000033	0000064
0000033	0000080
0000033	0000082
0000033	0000086
0000034	0000037
0000034	0000038
0000034	0000039
0000034	0000041
0000034	0000054
0000034	0000074
0000034	0000076
0000034	0000080
0000035	0000043
0000035	0000070
0000035	0000072
0000035	0000076
0000035	0000086
0000036	0000041
0000036	0000062
0000036	0000067
0000036	0000070
0000036	0000076
0000036	0000095
0000036	0000098
0000037	0000050
0000037	0000055
0000037	0000058
0000037	0000070
0000038	0000054
0000038	0000061
0000038	0000075
0000038	0000087
0000039	0000040
0000039	0000052
0000039	0000072
0000039	0000086
0000039	0000094
0000040	0000044
0000040	0000045
0000040	0000054
0000040	0000065
0000040	0000069
0000040	0000071
0000041	0000048
0000041	0000051
0000041	0000056
0000041	0000057
0000041	0000059
0000041	0000060
0000041	0000063
0000041	0000084
0000042	0000048
0000042	0000052
0000042	0000064
0000042	0000087
0000042	0000088
0000043	0000046
0000043	0000071
0000043	0000087
0000044	0000048
0000044	0000050
0000044	0000052
0000044	0000065
0000044	0000066
0000044	0000079
0000044	0000080
0000045	0000048
0000045	0000065
0000045	0000070
0000045	0000071
0000045	0000075
0000045	0000077
0000046	0000065
0000048	0000060
0000048	0000064
0000048	0000079
0000048	0000084
0000048	0000092
0000048	0000099
0000049	0000050
0000049	0000053
0000049	0000057
0000049	0000082
0000050	0000073
0000050	0000083
0000050	0000088
0000050	0000093
0000051	0000053
0000051	0000070
0000051	0000072
0000052	0000060
0000052	0000065
0000052	0000086
0000052	0000089
0000053	0000057
0000053	0000059
0000053	0000073
0000053	0000077
0000053	0000090
0000053	0000093
0000054	0000062
0000054	0000064
0000054	0000069
0000054	0000086
0000054	0000099
0000055	0000057
0000055	0000060
0000056	0000060
0000056	0000077
0000057	0000058
0000057	0000067
0000057	0000088
0000058	0000060
0000059	0000062
0000059	0000066
0000059	0000083
0000059	0000087
0000060	0000070
0000060	0000084
0000060	0000091
0000061	0000069
0000062	0000071
0000062	0000073
0000062	0000075
0000063	0000067
0000063	0000074
0000064	0000065
0000064	0000091
0000065	0000066
0000065	0000068
0000065	0000095
0000066	0000078
0000066	0000079
0000066	0000086
0000066	0000097
0000066	0000099
0000067	0000099
0000068	0000069
0000068	0000091
0000068	0000092
0000069	0000079
0000069	0000091
0000070	0000083
0000070	0000086
0000070	0000089
0000072	0000096
0000073	0000085
0000073	0000099
0000074	0000076
0000074	0000079
0000074	0000093
0000077	0000086
0000079	0000082
0000081	0000092
0000083	0000085
0000084	0000094
0000085	0000100
0000090	0000094
0000091	0000098
0000097	0000098
