source	target
0000001	0000002
0000001	0000003
0000001	0000004
0000001	0000005
0000001	0000006
0000001	0000007
0000001	0000009
0000001	0000010
0000001	0000011
0000001	0000013
0000001	0000018
0000001	0000022
0000001	0000024
0000001	0000029
0000001	0000031
0000001	0000034
0000001	0000036
0000001	0000038
0000001	0000041
0000001	0000043
0000001	0000073
0000001	0000074
0000001	0000088
0000001	0000089
0000001	0000090
0000001	0000099
0000002	0000003
0000002	0000004
0000002	0000005
0000002	0000006
0000002	0000007
0000002	0000009
0000002	0000010
0000002	0000011
0000002	0000015
0000002	0000016
0000002	0000017
0000002	0000019
0000002	0000022
0000002	0000025
0000002	0000028
0000002	0000041
0000002	0000057
0000002	0000058
0000002	0000085
0000002	0000094
0000002	0000097
0000003	0000004
0000003	0000005
0000003	0000006
0000003	0000007
0000003	0000008
0000003	0000009
0000003	0000016
0000003	0000018
0000003	0000023
0000003	0000028
0000003	0000038
0000003	0000045
0000003	0000046
0000003	0000050
0000003	0000052
0000003	0000057
0000003	0000058
0000003	0000075
0000003	0000080
0000004	0000005
0000004	0000006
0000004	0000007
0000004	0000008
0000004	0000010
0000004	0000011
0000004	0000013
0000004	0000015
0000004	0000017
0000004	0000018
0000004	0000021
0000004	0000025
0000004	0000026
0000004	0000027
0000004	0000043
0000004	0000050
0000004	0000059
0000004	0000060
0000005	0000006
0000005	0000007
0000005	0000008
0000005	0000010
0000005	0000013
0000005	0000014
0000005	0000017
0000005	0000018
0000005	0000020
0000005	0000021
0000005	0000022
0000005	0000023
0000005	0000033
0000005	0000040
0000005	0000053
0000005	0000070
0000005	0000081
0000005	0000095
0000006	0000007
0000006	0000009
0000006	0000011
0000006	0000012
0000006	0000013
0000006	0000016
0000006	0000019
0000006	0000020
0000006	0000031
0000006	0000033
0000006	0000042
0000006	0000051
0000006	0000053
0000006	0000058
0000006	0000060
0000006	0000066
0000006	0000068
0000006	0000073
0000007	0000008
0000007	0000010
0000007	0000011
0000007	0000013
0000007	0000016
0000007	0000019
0000007	0000026
0000007	0000030
0000007	0000036
0000007	0000046
0000007	0000049
0000007	0000059
0000008	0000014
0000008	0000015
0000008	0000018
0000008	0000020
0000008	0000024
0000008	0000033
0000008	0000034
0000008	0000043
0000008	0000044
0000008	0000046
0000008	0000048
0000008	0000055
0000008	0000067
0000008	0000073
0000008	0000085
0000008	0000097
0000009	0000011
0000009	0000012
0000009	0000026
0000009	0000028
0000009	0000030
0000009	0000041
0000009	0000046
0000009	0000051
0000009	0000061
0000009	0000083
0000009	0000087
0000010	0000013
0000010	0000016
0000010	0000017
0000010	0000018
0000010	0000023
0000010	0000025
0000010	0000029
0000010	0000031
0000010	0000038
0000010	0000039
0000010	0000042
0000010	0000053
0000010	0000056
0000010	0000060
0000010	0000063
0000010	0000080
0000010	0000082
0000010	0000083
0000010	0000089
0000011	0000013
0000011	0000020
0000011	0000021
0000011	0000030
0000011	0000035
0000011	0000038
0000011	0000040
0000011	0000051
0000011	0000057
0000011	0000078
0000011	0000089
0000012	0000013
0000012	0000017
0000012	0000019
0000012	0000021
0000012	0000022
0000012	0000032
0000012	0000042
0000012	0000043
0000012	0000044
0000012	0000063
0000012	0000064
0000012	0000080
0000012	0000094
0000013	0000016
0000013	0000018
0000013	0000025
0000013	0000030
0000013	0000031
0000013	0000034
0000013	0000038
0000013	0000039
0000013	0000040
0000013	0000045
0000013	0000046
0000013	0000051
0000013	0000053
0000013	0000073
0000013	0000076
0000013	0000084
0000014	0000016
0000014	0000020
0000014	0000029
0000014	0000032
0000014	0000053
0000014	0000083
0000014	0000086
0000015	0000018
0000015	0000019
0000015	0000023
0000015	0000024
0000015	0000046
0000015	0000047
0000015	0000062
0000015	0000082
0000015	0000091
0000015	0000095
0000016	0000020
0000016	0000022
0000016	0000034
0000016	0000048
0000016	0000057
0000016	0000070
0000016	0000086
0000016	0000091
0000017	0000018
0000017	0000025
0000017	0000028
0000017	0000032
0000017	0000035
0000017	0000036
0000017	0000038
0000017	0000039
0000017	0000055
0000017	0000065
0000017	0000068
0000017	0000069
0000017	0000074
0000017	0000077
0000018	0000019
0000018	0000023
0000018	0000026
0000018	0000037
0000018	0000042
0000018	0000043
0000018	0000048
0000018	0000050
0000018	0000057
0000018	0000065
0000018	0000073
0000018	0000077
0000018	0000079
0000018	0000092
0000018	0000097
0000019	0000021
0000019	0000025
0000019	0000027
0000019	0000028
0000019	0000042
0000019	0000072
0000019	0000081
0000019	0000094
0000020	0000023
0000020	0000025
0000020	0000033
0000020	0000050
0000020	0000051
0000020	0000052
0000020	0000068
0000020	0000069
0000020	0000072
0000020	0000084
0000020	0000098
0000021	0000025
0000021	0000030
0000021	0000036
0000021	0000038
0000021	0000061
0000021	0000072
0000021	0000084
0000021	0000097
0000022	0000031
0000022	0000034
0000022	0000037
0000022	0000053
0000022	0000059
0000022	0000062
0000022	0000085
0000023	0000030
0000023	0000039
0000023	0000040
0000023	0000042
0000023	0000054
0000023	0000082
0000023	0000086
0000024	0000027
0000024	0000033
0000024	0000045
0000024	0000047
0000024	0000061
0000024	0000068
0000024	0000069
0000024	0000092
0000025	0000034
0000025	0000035
0000025	0000039
0000025	0000073
0000025	0000079
0000025	0000097
0000026	0000030
0000026	0000037
0000026	0000051
0000026	0000057
0000026	0000090
0000026	0000092
0000027	0000039
0000027	0000047
0000027	0000063
0000028	0000038
0000028	0000049
0000028	0000053
0000028	0000075
0000028	0000080
0000028	0000094
0000028	0000095
0000029	0000037
0000029	0000041
0000029	0000046
0000029	0000051
0000029	0000053
0000029	0000071
0000029	0000077
0000029	0000080
0000030	0000031
0000030	0000035
0000030	0000037
0000030	0000051
0000030	0000067
0000030	0000070
0000030	0000074
0000030	0000087
0000030	0000095
0000031	0000034
0000031	0000039
0000031	0000042
0000031	0000048
0000031	0000051
0000031	0000052
0000031	0000072
0000031	0000074
0000032	0000035
0000032	0000047
0000032	0000052
0000032	0000076
0000033	0000037
0000033	0000048
0000033	0000051
0000033	0000055
0000033	0000062
0000033	0000063
0000033	0000083
0000034	0000039
0000034	0000048
0000034	0000054
0000034	0000064
0000034	0000068
0000034	0000071
0000034	0000072
0000034	0000090
0000034	0000094
0000035	0000036
0000035	0000037
0000035	0000055
0000036	0000045
0000036	0000052
0000036	0000075
0000037	0000039
0000037	0000041
0000037	0000074
0000038	0000041
0000038	0000048
0000038	0000071
0000038	0000088
0000038	0000100
0000039	0000042
0000039	0000067
0000039	0000070
0000039	0000075
0000039	0000083
0000040	0000042
0000040	0000063
0000040	0000070
0000040	0000077
0000040	0000085
0000041	0000049
0000041	0000055
0000041	0000060
0000041	0000064
0000041	0000083
0000042	0000053
0000042	0000055
0000042	0000056
0000042	0000061
0000042	0000073
0000042	0000082
0000043	0000052
0000043	0000059
0000043	0000066
0000043	0000090
0000044	0000049
0000044	0000053
0000044	0000054
0000044	0000056
0000044	0000067
0000044	0000068
0000044	0000073
0000044	0000088
0000044	0000090
0000044	0000095
0000044	0000099
0000045	0000046
0000045	0000057
0000045	0000061
0000045	0000084
0000045	0000094
0000046	0000050
0000046	0000053
0000046	0000061
0000046	0000064
0000046	0000067
0000046	0000073
0000046	0000087
0000046	0000098
0000047	0000060
0000047	0000062
0000047	0000082
0000047	0000094
0000047	0000100
0000048	0000055
0000048	0000062
0000048	0000068
0000048	0000070
0000048	0000091
0000049	0000072
0000049	0000077
0000049	0000095
0000049	0000096
0000050	0000053
0000050	0000054
0000050	0000081
0000051	0000073
0000052	0000062
0000053	0000065
0000053	0000073
0000053	0000077
0000053	0000080
0000053	0000094
0000053	0000095
0000054	0000056
0000054	0000057
0000054	0000065
0000054	0000081
0000054	0000097
0000055	0000075
0000055	0000079
0000055	0000092
0000056	0000076
0000056	0000083
0000056	0000085
0000056	0000087
0000056	0000091
0000057	0000074
0000057	0000092
0000057	0000098
0000058	0000068
0000058	0000098
0000060	0000089
0000061	0000069
0000061	0000087
0000062	0000072
0000064	0000067
0000064	0000069
0000064	0000071
0000064	0000073
0000064	0000080
0000065	0000068
0000065	0000075
0000065	0000080
0000065	0000092
0000065	0000098
0000065	0000099
0000066	0000078
0000066	0000082
0000066	0000083
0000066	0000084
0000066	0000096
0000066	0000099
0000067	0000072
0000067	0000073
0000068	0000081
0000068	0000093
0000069	0000088
0000069	0000096
0000070	0000076
0000070	0000097
0000071	0000084
0000071	0000092
0000072	0000099
0000074	0000088
0000074	0000100
0000075	0000083
0000075	0000086
0000077	0000078
0000077	0000092
0000077	0000095
0000077	0000097
0000078	0000095
0000078	0000099
0000079	0000083
0000079	0000089
0000081	0000084
0000081	0000087
0000081	0000089
0000081	0000095
0000082	0000093
0000083	0000085
0000083	0000089
0000087	0000096
0000089	0000090
0000090	0000099
0000092	0000098
0000092	0000100
0000094	0000095
0000097	0000100
