source	target
0000001	0000002
0000001	0000003
0000001	0000004
0000001	0000005
0000001	0000006
0000001	0000007
0000001	0000008
0000001	0000009
0000001	0000010
0000001	0000013
0000001	0000015
0000001	0000016
0000001	0000019
0000001	0000020
0000001	0000023
0000001	0000024
0000001	0000031
0000001	0000032
0000001	0000036
0000001	0000041
0000001	0000052
0000001	0000057
0000001	0000067
0000001	0000080
0000001	0000085
0000002	0000003
0000002	0000004
0000002	0000005
0000002	0000006
0000002	0000007
0000002	0000008
0000002	0000009
0000002	0000010
0000002	0000011
0000002	0000012
0000002	0000015
0000002	0000025
0000002	0000030
0000002	0000038
0000002	0000051
0000002	0000065
0000002	0000071
0000002	0000079
0000002	0000082
0000003	0000004
0000003	0000006
0000003	0000007
0000003	0000008
0000003	0000009
0000003	0000010
0000003	0000013
0000003	0000015
0000003	0000017
0000003	0000018
0000003	0000019
0000003	0000022
0000003	0000023
0000003	0000026
0000003	0000029
0000003	0000049
0000003	0000055
0000003	0000081
0000003	0000089
0000003	0000098
0000004	0000005
0000004	0000006
0000004	0000008
0000004	0000009
0000004	0000010
0000004	0000012
0000004	0000013
0000004	0000024
0000004	0000025
0000004	0000026
0000004	0000027
0000004	0000029
0000004	0000041
0000004	0000046
0000004	0000047
0000004	0000077
0000005	0000006
0000005	0000009
0000005	0000010
0000005	0000012
0000005	0000019
0000005	0000020
0000005	0000022
0000005	0000027
0000005	0000028
0000005	0000038
0000005	0000041
0000005	0000052
0000005	0000053
0000005	0000073
0000005	0000076
0000005	0000083
0000005	0000091
0000005	0000096
0000006	0000007
0000006	0000008
0000006	0000009
0000006	0000010
0000006	0000011
0000006	0000012
0000006	0000013
0000006	0000014
0000006	0000017
0000006	0000019
0000006	0000020
0000006	0000022
0000006	0000023
0000006	0000047
0000006	0000051
0000006	0000054
0000006	0000079
0000006	0000086
0000007	0000008
0000007	0000009
0000007	0000016
0000007	0000017
0000007	0000020
0000007	0000021
0000007	0000024
0000007	0000060
0000007	0000062
0000007	0000090
0000008	0000009
0000008	0000010
0000008	0000012
0000008	0000016
0000008	0000017
0000008	0000021
0000008	0000026
0000008	0000034
0000008	0000038
0000008	0000040
0000008	0000044
0000008	0000046
0000008	0000049
0000008	0000055
0000008	0000063
0000008	0000064
0000008	0000067
0000008	0000070
0000008	0000094
0000008	0000096
0000008	0000100
0000009	0000010
0000009	0000018
0000009	0000021
0000009	0000022
0000009	0000024
0000009	0000025
0000009	0000029
0000009	0000041
0000009	0000042
0000009	0000051
0000009	0000069
0000009	0000070
0000009	0000071
0000009	0000076
0000010	0000012
0000010	0000013
0000010	0000014
0000010	0000015
0000010	0000016
0000010	0000017
0000010	0000019
0000010	0000021
0000010	0000023
0000010	0000024
0000010	0000032
0000010	0000035
0000010	0000043
0000010	0000046
0000010	0000049
0000010	0000059
0000010	0000073
0000010	0000078
0000010	0000085
0000010	0000088
0000010	0000091
0000010	0000095
0000011	0000012
0000011	0000014
0000011	0000015
0000011	0000017
0000011	0000018
0000011	0000023
0000011	0000028
0000011	0000043
0000011	0000046
0000011	0000051
0000011	0000080
0000011	0000085
0000012	0000013
0000012	0000014
0000012	0000015
0000012	0000018
0000012	0000020
0000012	0000026
0000012	0000028
0000012	0000034
0000012	0000055
0000012	0000081
0000013	0000014
0000013	0000015
0000013	0000017
0000013	0000022
0000013	0000025
0000013	0000026
0000013	0000027
0000013	0000033
0000013	0000034
0000013	0000037
0000013	0000039
0000013	0000049
0000013	0000050
0000013	0000051
0000013	0000054
0000013	0000061
0000013	0000075
0000013	0000085
0000014	0000015
0000014	0000019
0000014	0000022
0000014	0000028
0000014	0000031
0000014	0000048
0000014	0000049
0000014	0000056
0000014	0000074
0000015	0000018
0000015	0000019
0000015	0000022
0000015	0000024
0000015	0000026
0000015	0000028
0000015	0000037
0000015	0000046
0000015	0000076
0000015	0000082
0000015	0000099
0000016	0000017
0000016	0000021
0000016	0000022
0000016	0000027
0000016	0000028
0000016	0000032
0000016	0000034
0000016	0000039
0000016	0000044
0000016	0000051
0000016	0000076
0000016	0000081
0000016	0000082
0000016	0000089
0000016	0000090
0000016	0000092
0000016	0000093
0000017	0000022
0000017	0000038
0000017	0000042
0000017	0000053
0000017	0000066
0000018	0000019
0000018	0000024
0000018	0000035
0000018	0000044
0000018	0000049
0000018	0000068
0000019	0000020
0000019	0000023
0000019	0000028
0000019	0000029
0000019	0000033
0000019	0000034
0000019	0000038
0000019	0000042
0000019	0000058
0000019	0000076
0000019	0000083
0000020	0000025
0000020	0000026
0000020	0000034
0000020	0000037
0000020	0000039
0000020	0000040
0000020	0000054
0000020	0000064
0000020	0000080
0000020	0000083
0000020	0000093
0000021	0000030
0000021	0000054
0000021	0000066
0000021	0000080
0000021	0000086
0000021	0000092
0000021	0000095
0000021	0000100
0000022	0000027
0000022	0000040
0000022	0000042
0000022	0000045
0000022	0000052
0000022	0000079
0000022	0000082
0000023	0000039
0000023	0000041
0000023	0000043
0000023	0000055
0000023	0000058
0000023	0000084
0000024	0000029
0000024	0000030
0000024	0000034
0000024	0000038
0000024	0000067
0000024	0000080
0000024	0000088
0000025	0000026
0000025	0000027
0000025	0000033
0000025	0000036
0000025	0000037
0000025	0000040
0000025	0000045
0000025	0000048
0000025	0000056
0000025	0000079
0000025	0000088
0000025	0000090
0000025	0000100
0000026	0000032
0000026	0000038
0000026	0000039
0000026	0000040
0000026	0000045
0000026	0000054
0000026	0000060
0000026	0000068
0000026	0000089
0000027	0000038
0000027	0000041
0000027	0000045
0000027	0000049
0000027	0000057
0000027	0000058
0000027	0000062
0000027	0000083
0000028	0000042
0000028	0000046
0000028	0000049
0000028	0000069
0000028	0000085
0000028	0000090
0000028	0000093
0000028	0000095
0000029	0000057
0000029	0000068
0000029	0000073
0000029	0000079
0000029	0000099
0000030	0000045
0000030	0000058
0000030	0000061
0000030	0000068
0000030	0000069
0000030	0000075
0000030	0000076
0000030	0000078
0000030	0000079
0000031	0000041
0000031	0000077
0000031	0000078
0000031	0000079
0000031	0000092
0000032	0000072
0000033	0000035
0000033	0000042
0000033	0000055
0000033	0000066
0000033	0000069
0000033	0000072
0000033	0000074
0000034	0000035
0000034	0000039
0000034	0000041
0000034	0000044
0000034	0000053
0000034	0000070
0000035	0000041
0000035	0000047
0000035	0000064
0000035	0000066
0000035	0000075
0000035	0000087
0000036	0000037
0000036	0000041
0000036	0000046
0000036	0000072
0000036	0000075
0000036	0000086
0000036	0000094
0000037	0000039
0000037	0000051
0000037	0000061
0000037	0000066
0000037	0000072
0000038	0000039
0000038	0000051
0000038	0000082
0000038	0000089
0000039	0000040
0000039	0000053
0000039	0000061
0000039	0000066
0000039	0000078
0000039	0000079
0000039	0000081
0000039	0000088
0000039	0000096
0000039	0000098
0000040	0000044
0000040	0000046
0000040	0000059
0000040	0000061
0000041	0000044
0000041	0000052
0000041	0000069
0000041	0000094
0000042	0000046
0000042	0000061
0000042	0000062
0000042	0000090
0000043	0000058
0000043	0000065
0000043	0000076
0000043	0000080
0000043	0000082
0000044	0000045
0000044	0000046
0000044	0000053
0000044	0000084
0000044	0000086
0000045	0000046
0000045	0000048
0000045	0000053
0000045	0000062
0000045	0000065
0000045	0000072
0000045	0000082
0000045	0000087
0000045	0000094
0000046	0000050
0000046	0000062
0000046	0000077
0000046	0000099
0000047	0000073
0000047	0000089
0000048	0000061
0000048	0000100
0000049	0000067
0000049	0000098
0000050	0000056
0000050	0000057
0000050	0000061
0000050	0000098
0000051	0000080
0000051	0000094
0000052	0000061
0000052	0000066
0000052	0000088
0000052	0000091
0000053	0000067
0000053	0000074
0000053	0000087
0000053	0000089
0000053	0000090
0000054	0000079
0000054	0000082
0000054	0000089
0000054	0000097
0000055	0000059
0000055	0000068
0000055	0000071
0000056	0000058
0000056	0000067
0000056	0000071
0000056	0000074
0000056	0000078
0000056	0000079
0000056	0000090
0000057	0000068
0000057	0000085
0000057	0000098
0000058	0000076
0000058	0000094
0000059	0000060
0000059	0000071
0000059	0000074
0000059	0000080
0000060	0000065
0000060	0000080
0000060	0000081
0000060	0000084
0000060	0000089
0000061	0000071
0000061	0000072
0000061	0000073
0000061	0000083
0000061	0000085
0000061	0000090
0000062	0000063
0000062	0000066
0000062	0000088
0000062	0000092
0000063	0000078
0000064	0000066
0000064	0000074
0000064	0000087
0000064	0000089
0000065	0000069
0000065	0000070
0000065	0000079
0000065	0000084
0000066	0000067
0000066	0000079
0000066	0000085
0000066	0000091
0000067	0000076
0000067	0000084
0000067	0000088
0000067	0000099
0000068	0000094
0000069	0000070
0000069	0000077
0000069	0000098
0000070	0000076
0000070	0000077
0000070	0000081
0000070	0000086
0000071	0000078
0000071	0000079
0000071	0000087
0000073	0000077
0000073	0000096
0000074	0000079
0000074	0000084
0000074	0000090
0000075	0000089
0000076	0000081
0000076	0000095
0000077	0000081
0000078	0000082
0000078	0000086
0000080	0000083
0000080	0000093
0000080	0000098
0000082	0000083
0000082	0000096
0000082	0000099
0000084	0000085
0000087	0000095
0000089	0000091
0000090	0000096
0000098	0000099
0000098	0000100
0000099	0000100
