source	target
0000001	0000002
0000001	0000003
0000001	0000004
0000001	0000005
0000001	0000006
0000001	0000007
0000001	0000008
0000001	0000010
0000001	0000012
0000001	0000013
0000001	0000015
0000001	0000020
0000001	0000022
0000001	0000023
0000001	0000024
0000001	0000025
0000001	0000031
0000001	0000033
0000001	0000038
0000001	0000077
0000001	0000084
0000001	0000087
0000002	0000003
0000002	0000004
0000002	0000005
0000002	0000006
0000002	0000007
0000002	0000010
0000002	0000011
0000002	0000013
0000002	0000015
0000002	0000017
0000002	0000019
0000002	0000021
0000002	0000034
0000002	0000042
0000002	0000051
0000002	0000057
0000002	0000060
0000002	0000071
0000002	0000073
0000002	0000088
0000002	0000090
0000003	0000004
0000003	0000005
0000003	0000006
0000003	0000007
0000003	0000008
0000003	0000009
0000003	0000010
0000003	0000013
0000003	0000014
0000003	0000015
0000003	0000016
0000003	0000018
0000003	0000019
0000003	0000020
0000003	0000033
0000003	0000035
0000003	0000038
0000003	0000046
0000003	0000050
0000003	0000052
0000003	0000057
0000003	0000073
0000003	0000076
0000003	0000089
0000004	0000005
0000004	0000006
0000004	0000008
0000004	0000010
0000004	0000015
0000004	0000020
0000004	0000021
0000004	0000029
0000004	0000039
0000004	0000041
0000004	0000042
0000004	0000044
0000004	0000048
0000004	0000052
0000004	0000061
0000004	0000063
0000004	0000085
0000005	0000006
0000005	0000007
0000005	0000008
0000005	0000009
0000005	0000011
0000005	0000012
0000005	0000014
0000005	0000016
0000005	0000018
0000005	0000021
0000005	0000023
0000005	0000025
0000005	0000033
0000005	0000051
0000005	0000060
0000005	0000064
0000005	0000073
0000005	0000082
0000005	0000090
0000006	0000007
0000006	0000008
0000006	0000009
0000006	0000010
0000006	0000012
0000006	0000015
0000006	0000016
0000006	0000017
0000006	0000019
0000006	0000024
0000006	0000030
0000006	0000037
0000006	0000040
0000006	0000043
0000006	0000047
0000006	0000048
0000006	0000050
0000006	0000070
0000006	0000095
0000007	0000008
0000007	0000010
0000007	0000011
0000007	0000013
0000007	0000015
0000007	0000021
0000007	0000023
0000007	0000026
0000007	0000028
0000007	0000038
0000007	0000043
0000007	0000061
0000007	0000063
0000007	0000064
0000007	0000066
0000007	0000073
0000007	0000091
0000007	0000094
0000008	0000009
0000008	0000010
0000008	0000012
0000008	0000014
0000008	0000017
0000008	0000018
0000008	0000019
0000008	0000022
0000008	0000023
0000008	0000026
0000008	0000029
0000008	0000034
0000008	0000036
0000008	0000045
0000008	0000046
0000008	0000060
0000008	0000061
0000008	0000077
0000009	0000010
0000009	0000014
0000009	0000015
0000009	0000017
0000009	0000019
0000009	0000029
0000009	0000035
0000009	0000047
0000009	0000058
0000009	0000070
0000009	0000071
0000009	0000076
0000009	0000081
0000009	0000089
0000009	0000090
0000010	0000015
0000010	0000017
0000010	0000021
0000010	0000023
0000010	0000024
0000010	0000029
0000010	0000031
0000010	0000036
0000010	0000040
0000010	0000044
0000010	0000059
0000010	0000064
0000011	0000013
0000011	0000018
0000011	0000019
0000011	0000021
0000011	0000022
0000011	0000025
0000011	0000030
0000011	0000035
0000011	0000037
0000011	0000057
0000011	0000065
0000012	0000015
0000012	0000016
0000012	0000023
0000012	0000026
0000012	0000031
0000012	0000032
0000012	0000038
0000012	0000054
0000012	0000067
0000012	0000074
0000012	0000093
0000012	0000095
0000013	0000017
0000013	0000023
0000013	0000025
0000013	0000033
0000013	0000036
0000013	0000042
0000013	0000069
0000013	0000071
0000013	0000091
0000013	0000092
0000014	0000016
0000014	0000019
0000014	0000020
0000014	0000023
0000014	0000025
0000014	0000029
0000014	0000034
0000014	0000056
0000015	0000020
0000015	0000021
0000015	0000022
0000015	0000025
0000015	0000028
0000015	0000033
0000015	0000037
0000015	0000042
0000015	0000046
0000015	0000049
0000015	0000054
0000015	0000059
0000015	0000078
0000016	0000018
0000016	0000019
0000016	0000020
0000016	0000022
0000016	0000024
0000016	0000037
0000016	0000038
0000016	0000043
0000016	0000044
0000016	0000079
0000016	0000085
0000017	0000018
0000017	0000019
0000017	0000030
0000017	0000033
0000017	0000035
0000017	0000065
0000017	0000069
0000017	0000070
0000017	0000074
0000017	0000078
0000018	0000019
0000018	0000023
0000018	0000027
0000018	0000037
0000018	0000041
0000018	0000048
0000018	0000050
0000018	0000055
0000018	0000061
0000018	0000068
0000018	0000069
0000018	0000089
0000018	0000094
0000018	0000095
0000019	0000029
0000019	0000045
0000019	0000047
0000020	0000024
0000020	0000041
0000020	0000048
0000020	0000050
0000020	0000062
0000020	0000071
0000020	0000096
0000021	0000029
0000021	0000030
0000021	0000040
0000021	0000058
0000021	0000078
0000021	0000080
0000022	0000025
0000022	0000028
0000022	0000032
0000022	0000035
0000022	0000036
0000022	0000038
0000022	0000042
0000022	0000048
0000022	0000050
0000022	0000054
0000022	0000059
0000023	0000026
0000023	0000030
0000023	0000036
0000023	0000037
0000023	0000038
0000023	0000039
0000023	0000040
0000023	0000050
0000023	0000060
0000023	0000068
0000023	0000070
0000023	0000074
0000023	0000075
0000023	0000084
0000023	0000093
0000024	0000030
0000024	0000031
0000024	0000041
0000024	0000043
0000024	0000047
0000024	0000052
0000024	0000053
0000024	0000072
0000025	0000027
0000025	0000040
0000025	0000056
0000026	0000033
0000026	0000034
0000026	0000037
0000026	0000038
0000026	0000039
0000026	0000040
0000026	0000042
0000026	0000044
0000026	0000052
0000026	0000053
0000026	0000059
0000026	0000090
0000026	0000096
0000027	0000045
0000027	0000046
0000027	0000057
0000027	0000062
0000027	0000071
0000027	0000076
0000028	0000033
0000028	0000049
0000028	0000055
0000028	0000062
0000028	0000077
0000028	0000083
0000028	0000093
0000029	0000051
0000029	0000062
0000029	0000068
0000029	0000083
0000030	0000044
0000030	0000054
0000030	0000079
0000030	0000089
0000031	0000063
0000031	0000070
0000031	0000072
0000031	0000073
0000032	0000038
0000032	0000044
0000032	0000057
0000032	0000062
0000033	0000042
0000033	0000045
0000033	0000052
0000033	0000054
0000033	0000057
0000033	0000062
0000033	0000069
0000033	0000075
0000034	0000038
0000034	0000041
0000034	0000051
0000034	0000068
0000034	0000095
0000034	0000096
0000035	0000042
0000035	0000046
0000035	0000048
0000035	0000052
0000035	0000071
0000035	0000075
0000035	0000085
0000035	0000094
0000036	0000049
0000036	0000053
0000036	0000057
0000036	0000061
0000036	0000075
0000036	0000078
0000037	0000038
0000037	0000057
0000038	0000040
0000039	0000050
0000039	0000051
0000039	0000091
0000040	0000042
0000040	0000043
0000040	0000045
0000040	0000052
0000040	0000065
0000040	0000068
0000040	0000076
0000040	0000088
0000041	0000043
0000041	0000070
0000041	0000080
0000042	0000053
0000042	0000063
0000042	0000069
0000042	0000097
0000043	0000044
0000043	0000054
0000043	0000080
0000043	0000085
0000044	0000059
0000044	0000075
0000044	0000081
0000045	0000055
0000045	0000061
0000045	0000067
0000045	0000082
0000045	0000094
0000046	0000051
0000046	0000059
0000046	0000073
0000046	0000086
0000046	0000098
0000047	0000058
0000047	0000084
0000048	0000050
0000048	0000059
0000048	0000070
0000048	0000071
0000048	0000076
0000048	0000094
0000049	0000055
0000049	0000060
0000049	0000074
0000049	0000086
0000049	0000095
0000049	0000096
0000050	0000058
0000050	0000062
0000050	0000069
0000051	0000055
0000051	0000057
0000051	0000058
0000051	0000080
0000051	0000099
0000052	0000057
0000052	0000067
0000052	0000099
0000053	0000054
0000053	0000063
0000053	0000065
0000054	0000058
0000054	0000065
0000054	0000081
0000054	0000090
0000054	0000092
0000054	0000095
0000055	0000077
0000056	0000057
0000057	0000070
0000057	0000071
0000057	0000074
0000057	0000081
0000057	0000089
0000058	0000063
0000058	0000069
0000058	0000100
0000059	0000084
0000059	0000092
0000060	0000072
0000060	0000076
0000061	0000096
0000061	0000100
0000062	0000071
0000062	0000079
0000063	0000072
0000064	0000067
0000064	0000069
0000064	0000078
0000064	0000084
0000064	0000090
0000064	0000092
0000064	0000097
0000066	0000087
0000066	0000088
0000066	0000095
0000067	0000071
0000067	0000078
0000067	0000084
0000067	0000094
0000067	0000099
0000068	0000075
0000068	0000090
0000069	0000072
0000069	0000075
0000070	0000075
0000071	0000086
0000071	0000093
0000072	0000074
0000072	0000076
0000072	0000077
0000072	0000099
0000073	0000086
0000073	0000089
0000073	0000095
0000074	0000076
0000074	0000087
0000075	0000082
0000075	0000098
0000076	0000084
0000076	0000091
0000077	0000085
0000077	0000088
0000077	0000091
0000077	0000098
0000081	0000086
0000081	0000093
0000082	0000100
0000085	0000087
0000086	0000093
0000087	0000097
0000087	0000099
0000088	0000098
0000089	0000093
0000090	0000099
0000091	0000098
0000091	0000099
