parent	child
0000002	0001507
0000005	0000001
0000006	0000005
0000007	0000005
0000078	0000119
0000079	0000119
0000080	0000078
0000098	0000002
0000118	0000001
0000119	0000118
0000152	0000118
0000234	0000152
0000271	0000234
0000356	0000598
0000357	0000356
0000359	0000598
0000360	0000364
0000364	0000598
0000365	0000364
0000370	0000598
0000372	0000356
0000377	0000356
0000464	0000152
0000465	0000464
0000472	0000464
0000474	0000464
0000474	0011425
0000475	0000464
0000476	0000464
0000478	0000118
0000496	0012373
0000501	0012373
0000504	0012373
0000508	0012373
0000539	0012373
0000598	0000118
0000600	0000234
0000632	0012373
0000707	0000118
0000708	0012638
0000759	0012639
0000769	0000118
0000771	0000769
0000775	0003011
0000776	0000775
0000776	0100790
0000777	0000818
0000777	0100763
0000809	0000079
0000816	0001939
0000818	0000118
0000820	0000818
0000822	0011025
0000823	0001510
0000823	0008373
0000828	0000818
0000834	0000818
0000840	0008373
0000841	0000847
0000847	0000818
0000848	0000847
0000858	0008373
0000864	0000818
0000873	0000818
0000924	0000118
0000927	0011843
0000943	0011842
0000951	0001574
0000969	0011032
0000970	0025276
0000971	0011138
0001155	0002817
0001194	0001197
0001197	0000118
0001218	0040064
0001250	0012638
0001279	0011025
0001281	0011804
0001298	0012638
0001311	0012638
0001315	0012638
0001324	0011804
0001367	0011842
0001392	0002012
0001417	0010985
0001419	0001417
0001423	0001417
0001425	0000005
0001426	0000005
0001427	0000005
0001428	0000005
0001437	0002814
0001437	0009127
0001438	0025031
0001442	0001428
0001443	0001469
0001444	0000006
0001445	0001469
0001446	0002817
0001446	0009127
0001450	0010985
0001452	0000006
0001452	0001466
0001454	0002817
0001466	0000005
0001469	0003011
0001470	0000006
0001471	0001469
0001472	0000005
0001475	0001470
0001507	0000118
0001510	0001507
0001511	0001510
0001522	0011420
0001528	0040064
0001528	0100555
0001541	0001438
0001551	0004298
0001557	0001197
0001558	0001557
0001560	0001197
0001561	0001560
0001562	0001560
0001563	0001560
0001574	0000118
0001595	0011138
0001597	0011138
0001608	0000118
0001609	0001608
0001611	0001608
0001612	0001608
0001615	0001609
0001620	0001608
0001621	0001608
0001622	0001197
0001623	0001787
0001626	0000118
0001627	0030680
0001635	0011025
0001686	0001608
0001693	0011025
0001699	0011420
0001732	0002012
0001743	0002012
0001743	0100763
0001760	0002814
0001787	0001197
0001788	0001787
0001871	0000118
0001872	0001871
0001881	0001871
0001881	0010987
0001892	0001871
0001907	0001977
0001928	0001871
0001934	0001892
0001939	0000118
0001941	0004360
0001944	0011032
0001945	0004370
0001946	0001939
0001948	0004360
0001951	0004364
0001963	0000364
0001965	0000234
0001977	0001871
0001978	0001871
0001984	0012537
0002011	0012639
0002012	0025031
0002045	0004370
0002046	0004370
0002047	0004370
0002086	0000118
0002087	0012252
0002088	0012252
0002091	0002795
0002093	0002795
0002094	0002795
0002152	0010876
0002157	0004364
0002200	0012638
0002270	0410008
0002315	0012638
0002483	0012638
0002486	0011804
0002524	0012638
0002558	0004404
0002562	0004404
0002585	0002012
0002597	0001626
0002615	0011025
0002624	0002597
0002641	0001977
0002652	0011842
0002653	0011843
0002653	0012531
0002659	0011843
0002664	0000118
0002686	0001197
0002715	0000118
0002719	0010978
0002721	0010978
0002733	0100763
0002763	0011842
0002792	0002795
0002793	0002795
0002795	0002086
0002814	0040064
0002817	0040064
0002829	0012531
0002832	0010766
0002835	0002795
0002861	0011792
0002898	0011792
0002904	0001939
0002908	0002904
0002916	0011017
0002926	0000820
0002929	0008373
0002932	0004354
0002958	0010978
0002960	0010978
0002973	0002817
0002981	0002814
0003010	0001892
0003011	0000118
0003075	0010876
0003077	0003119
0003107	0003119
0003111	0001939
0003115	0011025
0003116	0011025
0003117	0000818
0003119	0001939
0003144	0003117
0003152	0003117
0003162	0003117
0003163	0010472
0003165	0003117
0003165	0100530
0003186	0004404
0003187	0010311
0003198	0011805
0003199	0011805
0003201	0011805
0003204	0011017
0003206	0004358
0003209	0000816
0003210	0000816
0003216	0011034
0003220	0011017
0003224	0011017
0003238	0010876
0003240	0010932
0003254	0011017
0003256	0001928
0003258	0011013
0003265	0002904
0003271	0001438
0003326	0012531
0003330	0011842
0003343	0001939
0003394	0011804
0003457	0011804
0003492	0012029
0003528	0100530
0003533	0001939
0003536	0000816
0003548	0003800
0003549	0000118
0003552	0011804
0003559	0011804
0003560	0011805
0003565	0025021
0003570	0001939
0003573	0002904
0003577	0003674
0003581	0003674
0003584	0003581
0003587	0011008
0003593	0003674
0003596	0003581
0003621	0003674
0003623	0003674
0003645	0001928
0003649	0011013
0003655	0004367
0003674	0012823
0003676	0003679
0003677	0003679
0003678	0003679
0003679	0012823
0003680	0003679
0003682	0003679
0003688	0003800
0003716	0011805
0003725	0011805
0003737	0003800
0003743	0000005
0003744	0003743
0003745	0000005
0003750	0011804
0003761	0011805
0003783	0002814
0003800	0003011
0003808	0011804
0003811	0011420
0003812	0012823
0003819	0011420
0003826	0011420
0003828	0003812
0003829	0003812
0003831	0003829
0004298	0025031
0004302	0011804
0004303	0011805
0004322	0000002
0004322	0001510
0004323	0001507
0004324	0004323
0004325	0004323
0004337	0004354
0004340	0100508
0004352	0010932
0004353	0010932
0004354	0001939
0004356	0011017
0004358	0001939
0004359	0003119
0004360	0001939
0004361	0003117
0004364	0001939
0004366	0011013
0004367	0001939
0004370	0001939
0004375	0011793
0004375	0012639
0004377	0001871
0004377	0011793
0004379	0012379
0004392	0004298
0004404	0000769
0004405	0004404
0004420	0001977
0004871	0100589
0004915	0011013
0004936	0001977
0005217	0001438
0005267	0001622
0005268	0001787
0005345	0002597
0005368	0010978
0005521	0001977
0005542	0001928
0005559	0010876
0005561	0001871
0005952	0002795
0005957	0002795
0005968	0004370
0005986	0000464
0006536	0002795
0006709	0004404
0006729	0011793
0006756	0011793
0006901	0004370
0007378	0011024
0007378	0011793
0007379	0000119
0007379	0011793
0007451	0025276
0007459	0025276
0007550	0025276
0008069	0000951
0008069	0011793
0008072	0002686
0008158	0003119
0008176	0002904
0008187	0008373
0008193	0008373
0008197	0008373
0008226	0008373
0008233	0008373
0008282	0002904
0008372	0100508
0008373	0000818
0008572	0000356
0008605	0000356
0008608	0000356
0008609	0000370
0008771	0000598
0008772	0000356
0008772	0008771
0008897	0001510
0009011	0009131
0009025	0003549
0009026	0009131
0009028	0009127
0009088	0001608
0009109	0000775
0009110	0000775
0009115	0011842
0009121	0011842
0009124	0003549
0009125	0009124
0009126	0009025
0009126	0009124
0009127	0003011
0009127	0040064
0009131	0003011
0009141	0003800
0009142	0002817
0009728	0003011
0009728	0011793
0009763	0011843
0009763	0012531
0009794	0000464
0009806	0000873
0010300	0001608
0010311	0000769
0010312	0000769
0010313	0000769
0010315	0000775
0010471	0011013
0010472	0001939
0010473	0010472
0010484	0002817
0010496	0002814
0010497	0002814
0010519	0001557
0010566	0011792
0010622	0011793
0010622	0011842
0010766	0000924
0010866	0004298
0010876	0001939
0010881	0001194
0010885	0011843
0010894	0100508
0010929	0003111
0010932	0001939
0010935	0000079
0010936	0000079
0010942	0010948
0010942	0011425
0010943	0011425
0010947	0010948
0010948	0001626
0010963	0011425
0010968	0003119
0010978	0002715
0010982	0001426
0010983	0001426
0010984	0001426
0010985	0000005
0010987	0002715
0010991	0003011
0010991	0004298
0010995	0004354
0010996	0004354
0011004	0002597
0011006	0000464
0011006	0003011
0011008	0012823
0011009	0011008
0011010	0011008
0011011	0011008
0011012	0011013
0011013	0001939
0011014	0011013
0011017	0001939
0011018	0011017
0011019	0011017
0011021	0010876
0011024	0025031
0011025	0001626
0011028	0011025
0011032	0001939
0011033	0011013
0011034	0001939
0011043	0003117
0011111	0010978
0011121	0000951
0011122	0000951
0011133	0011017
0011138	0001574
0011227	0010876
0011277	0000079
0011389	0000359
0011390	0000359
0011409	0001194
0011410	0001787
0011411	0001787
0011412	0001787
0011413	0001787
0011420	0040006
0011421	0011420
0011422	0003111
0011425	0001197
0011426	0011425
0011427	0011425
0011428	0011425
0011429	0011425
0011430	0011425
0011431	0011425
0011436	0002686
0011437	0002686
0011438	0002686
0011442	0012638
0011446	0012638
0011452	0000370
0011458	0025032
0011460	0030674
0011461	0030674
0011462	0003581
0011463	0003674
0011603	0030680
0011615	0012252
0011620	0002012
0011620	0030853
0011675	0011025
0011726	0010948
0011730	0012638
0011732	0000834
0011733	0000834
0011766	0000828
0011767	0000828
0011772	0000820
0011792	0002664
0011793	0002664
0011804	0003011
0011805	0003011
0011842	0000924
0011843	0000924
0011844	0011842
0011869	0001872
0011873	0001872
0011875	0001872
0011876	0001872
0011884	0001892
0011888	0001892
0011889	0001892
0011890	0001892
0011915	0010766
0011915	0030680
0011957	0009131
0011970	0011034
0012021	0010948
0012022	0010948
0012029	0000818
0012067	0011013
0012099	0003117
0012100	0004364
0012103	0011017
0012111	0003117
0012116	0010876
0012129	0005561
0012130	0005561
0012135	0005561
0012140	0005561
0012143	0005561
0012144	0005561
0012145	0005561
0012187	0010472
0012188	0002686
0012217	0010472
0012233	0011805
0012239	0010876
0012243	0000078
0012252	0002086
0012253	0012252
0012261	0002795
0012274	0000006
0012275	0000006
0012288	0011793
0012309	0011034
0012316	0011792
0012337	0001939
0012338	0012337
0012345	0011013
0012372	0000478
0012373	0000478
0012374	0012372
0012378	0025142
0012379	0001939
0012380	0012379
0012400	0012379
0012415	0002795
0012420	0001560
0012431	0012378
0012432	0012378
0012447	0012639
0012498	0001787
0012509	0010876
0012517	0012379
0012531	0025142
0012532	0012531
0012533	0012531
0012535	0012638
0012537	0001939
0012541	0001787
0012541	0001892
0012546	0002686
0012548	0011805
0012632	0012373
0012638	0000707
0012639	0000707
0012640	0012638
0012647	0010978
0012657	0012638
0012680	0000818
0012688	0012638
0012688	0012680
0012700	0025032
0012705	0012638
0012718	0011024
0012718	0025033
0012719	0011024
0012719	0025032
0012735	0002795
0012757	0012639
0012759	0012638
0012769	0002817
0012772	0000002
0012780	0000598
0012780	0011793
0012823	0000001
0012824	0012823
0012825	0012824
0012826	0012824
0012827	0012824
0012828	0012824
0012829	0012824
0012830	0012823
0012831	0012830
0012832	0012831
0012833	0012831
0012834	0012831
0012835	0012831
0012836	0012830
0012837	0012836
0012838	0012836
0012839	0012836
0012840	0012836
0020034	0012836
0025008	0002795
0025015	0002597
0025020	0010876
0025021	0001939
0025022	0025021
0025031	0000118
0025032	0025031
0025033	0025031
0025095	0002795
0025116	0001197
0025132	0003117
0025132	0008373
0025142	0000118
0025143	0025142
0025144	0025142
0025145	0025143
0025145	0025144
0025153	0011008
0025155	0025032
0025156	0025032
0025157	0011013
0025181	0001438
0025201	0010876
0025204	0012823
0025205	0025204
0025206	0025204
0025207	0025204
0025208	0025204
0025209	0025208
0025210	0025208
0025211	0025204
0025212	0025204
0025213	0025208
0025214	0025204
0025215	0025204
0025216	0025204
0025217	0025204
0025218	0025204
0025219	0025204
0025220	0025204
0025221	0025204
0025222	0025204
0025223	0025204
0025224	0025204
0025225	0025204
0025226	0025204
0025227	0025204
0025228	0025204
0025229	0025204
0025231	0011842
0025238	0012531
0025254	0012823
0025255	0025254
0025256	0025254
0025257	0025254
0025275	0012836
0025276	0001574
0025277	0025276
0025278	0025276
0025279	0011008
0025280	0012823
0025281	0025280
0025282	0025280
0025283	0025280
0025284	0025280
0025285	0012823
0025286	0025285
0025287	0012836
0025290	0012836
0025291	0012836
0025292	0012836
0025293	0012836
0025294	0012836
0025295	0012836
0025296	0012836
0025297	0011008
0025301	0011008
0025302	0011008
0025303	0011008
0025304	0025303
0025306	0011009
0025307	0011009
0025308	0011009
0025315	0025285
0025334	0025204
0025345	0010876
0025352	0000006
0025354	0000118
0025368	0011842
0030060	0011792
0030138	0001892
0030139	0001892
0030148	0011025
0030149	0011025
0030163	0002597
0030163	0011025
0030166	0025142
0030236	0011805
0030244	0002686
0030268	0011842
0030338	0003117
0030347	0003117
0030352	0003117
0030365	0001787
0030366	0001787
0030369	0001787
0030449	0001787
0030453	0012373
0030637	0012373
0030645	0012836
0030646	0012836
0030647	0012836
0030648	0012836
0030649	0012836
0030650	0012836
0030651	0012836
0030674	0003674
0030680	0001626
0030684	0003117
0030687	0003117
0030731	0011792
0030753	0001197
0030759	0009124
0030766	0000598
0030766	0012531
0030800	0012373
0030829	0002795
0030833	0012531
0030834	0012531
0030835	0012531
0030836	0012531
0030837	0012531
0030838	0012531
0030839	0012531
0030840	0012531
0030841	0012531
0030843	0011034
0030853	0001507
0030872	0011025
0030878	0002795
0030893	0002795
0030917	0001197
0030918	0030917
0030919	0030917
0030943	0012531
0030948	0012379
0030951	0011805
0040006	0000001
0040045	0000775
0040063	0009124
0040064	0000118
0040068	0000924
0040068	0040064
0040069	0002814
0040069	0040068
0040070	0002817
0040070	0040068
0040084	0000847
0040085	0000847
0040090	0000356
0040090	0000370
0040099	0000359
0040099	0000370
0040100	0000359
0040100	0000370
0040111	0000356
0040115	0000370
0040127	0001939
0040128	0040127
0040142	0001939
0040157	0004404
0040165	0040166
0040166	0000924
0040172	0000234
0040172	0003011
0040175	0012379
0040176	0003119
0040206	0004364
0040210	0004364
0040214	0003117
0040222	0002686
0040224	0001928
0040231	0001892
0040262	0000370
0040264	0012531
0040279	0000001
0040280	0040279
0040281	0040279
0040282	0040279
0040283	0040279
0040284	0040279
0040285	0040279
0045014	0003119
0045026	0045027
0045027	0000118
0045040	0012379
0045046	0010876
0045056	0010876
0045081	0004323
0100000	0008373
0100001	0011793
0100012	0011793
0100012	0012372
0100013	0000769
0100013	0011793
0100016	0002012
0100022	0012638
0100242	0011792
0100247	0002795
0100249	0003011
0100249	0010766
0100261	0011842
0100271	0001608
0100326	0010978
0100493	0004364
0100508	0001939
0100509	0100508
0100511	0100508
0100514	0100508
0100529	0003111
0100530	0001939
0100536	0003549
0100548	0004298
0100555	0001507
0100559	0002814
0100559	0100555
0100560	0002817
0100560	0100555
0100568	0000818
0100568	0011793
0100589	0000119
0100603	0002686
0100606	0002086
0100606	0011793
0100613	0011420
0100622	0002686
0100658	0003549
0100685	0003549
0100686	0100685
0100687	0000356
0100699	0003549
0100724	0001928
0100742	0002597
0100742	0011793
0100758	0001939
0100763	0002715
0100765	0100763
0100766	0002597
0100766	0100763
0100767	0001194
0100774	0011842
0100783	0010311
0100790	0003549
0100806	0010978
0100823	0100790
0100829	0000769
0100831	0100508
0100853	0000769
0200013	0009124
0200013	0011793
0200026	0012373
0200026	0012531
0200046	0001608
0400002	0000356
0410007	0011842
0410008	0000707
0410009	0410008
0410014	0000707
0410015	0410014
0410016	0410014
3000036	0000234
3000036	0002597
3000037	0000464
3000037	0002597
3000049	0002597
3000050	0000924
3000050	0003549
3000052	0011842
3000060	0002597
3000079	0011842
