parent	child
0001507	0000002
0000001	0000005
0000005	0000006
0000005	0000007
0000812	0000008
0010460	0000008
0000014	0000009
0002719	0000010
0011277	0000010
0010936	0000014
0000014	0000015
0000812	0000022
0010461	0000022
0004299	0000023
0012874	0000025
0000811	0000032
0010461	0000032
0000811	0000042
0000135	0000044
0000811	0000055
0010460	0000055
0000811	0000062
0010935	0000069
0000069	0000070
0000069	0000072
0000069	0000073
0010935	0000077
0000119	0000078
0000119	0000079
0000078	0000080
0003110	0000093
0000002	0000098
0000001	0000118
0000118	0000119
0000812	0000133
0000080	0000135
0008373	0000135
0000080	0000144
0000118	0000152
0000271	0000153
0000153	0000159
0000153	0000163
0000153	0000201
0000153	0000202
0000152	0000234
0000929	0000240
0000929	0000264
0000234	0000271
0001999	0000274
0001999	0000280
0000969	0000282
0011799	0000282
0000271	0000290
0009124	0000291
0011799	0000291
0001999	0000295
0001999	0000300
0003011	0000301
0011799	0000301
0000271	0000306
0000306	0000307
0000271	0000309
0001999	0000311
0000271	0000315
0001999	0000320
0001999	0000321
0001999	0000324
0001999	0000325
0001028	0000329
0011799	0000329
0000306	0000331
0000290	0000337
0000290	0000340
0000290	0000341
0000290	0000348
0000290	0000350
0000598	0000356
0000356	0000357
0000357	0000358
0000598	0000359
0000364	0000360
0000377	0000363
0000598	0000364
0000364	0000365
0000271	0000366
0000358	0000368
0000369	0000368
0000357	0000369
0000598	0000370
0000356	0000372
0011390	0000375
0000356	0000377
0000377	0000378
0000370	0000388
0012649	0000388
0011039	0000391
0000377	0000394
0009738	0000395
0000377	0000400
0000372	0000402
0000365	0000405
0011452	0000405
0000365	0000407
0011389	0000407
0000407	0000408
0001730	0000408
0000405	0000410
0000407	0000410
0000377	0000411
0000372	0000413
0000366	0000415
0000366	0000419
0000366	0000421
0001892	0000421
0000366	0000422
0000366	0000433
0000152	0000464
0000464	0000465
0005986	0000466
0001324	0000467
0011006	0000467
0000464	0000468
0009126	0000468
0004296	0000471
0000464	0000472
0000464	0000474
0011425	0000474
0000464	0000475
0000464	0000476
0000118	0000478
0004328	0000481
0000549	0000486
0012373	0000496
0011347	0000497
0012373	0000501
0012373	0000504
0000504	0000505
0012373	0000508
0030453	0000512
0000570	0000514
0004328	0000517
0000633	0000522
0000553	0000525
0004328	0000525
0000572	0000529
0012373	0000539
0000539	0000540
0000496	0000542
0000539	0000545
0000496	0000549
0000512	0000550
0000504	0000551
0030637	0000551
0012374	0000553
0001087	0000557
0000496	0000570
0000570	0000571
0000504	0000572
0001123	0000575
0000315	0000589
0012374	0000591
0000591	0000592
0004328	0000593
0000496	0000597
0000118	0000598
0000234	0000600
0000597	0000602
0000549	0000605
0000271	0000606
0000504	0000613
0000708	0000613
0000496	0000617
0000505	0000618
0000549	0000619
0000504	0000622
0000606	0000629
0012373	0000632
0000632	0000633
0011347	0000634
0012547	0000639
0000570	0000641
0007663	0000646
0030453	0000649
0011514	0000651
0000496	0000657
0002186	0000657
0000504	0000662
0012374	0000667
0000118	0000707
0012638	0000708
0000708	0000709
0000708	0000710
0000708	0000711
0100851	0000712
0000711	0000713
0100851	0000716
0000729	0000717
0000708	0000719
0100851	0000720
0000708	0000721
0000708	0000722
0000729	0000723
0000709	0000725
0000708	0000729
0000708	0000732
0004305	0000733
0000719	0000734
0000729	0000735
0012433	0000735
0000708	0000736
0100851	0000737
0000708	0000738
0100022	0000743
0000708	0000744
0100851	0000745
0000708	0000746
0000719	0000748
0012758	0000750
0000708	0000751
0100022	0000752
0000729	0000753
0000708	0000757
0012639	0000759
0009830	0000763
0000759	0000764
0009121	0000765
0000765	0000766
0000118	0000769
0000769	0000771
0003011	0000775
0000775	0000776
0100790	0000776
0000818	0000777
0100763	0000777
0010515	0000778
0000765	0000782
0000144	0000789
0000079	0000809
0012243	0000811
0012243	0000812
0000135	0000815
0001939	0000816
0000118	0000818
0000818	0000819
0011014	0000819
0000818	0000820
0002926	0000821
0011025	0000822
0001510	0000823
0008373	0000823
0100000	0000826
0000818	0000828
0011767	0000829
0000819	0000831
0000855	0000831
0000821	0000832
0001952	0000833
0000818	0000834
0011732	0000835
0002926	0000836
0008373	0000840
0000847	0000841
0011014	0000842
0040215	0000842
0011767	0000843
0011733	0000846
0000818	0000847
0000847	0000848
0011732	0000849
0000821	0000851
0011767	0000852
0011772	0000853
0100031	0000854
0011014	0000855
0008373	0000858
0002717	0000859
0011768	0000860
0000818	0000864
0000843	0000867
0000144	0000868
0000818	0000873
0000822	0000875
0000765	0000889
0000118	0000924
0009121	0000925
0011843	0000927
0000234	0000929
0009121	0000929
0001367	0000934
0010766	0000934
0100685	0000934
0011314	0000940
0011842	0000943
0002813	0000944
0011314	0000944
0001574	0000951
0001000	0000953
0011355	0000957
0011121	0000958
0007550	0000966
0011354	0000968
0011032	0000969
0025276	0000970
0011138	0000971
0007550	0000975
0010647	0000977
0011121	0000980
0011354	0000987
0100699	0000987
0011122	0000989
0011355	0000991
0011354	0000992
0011355	0000993
0011362	0000998
0011121	0001000
0009124	0001001
0011354	0001001
0000969	0001004
0011354	0001005
0011362	0001006
0011362	0001007
0001000	0001010
0012031	0001012
0000980	0001017
0100742	0001028
0011121	0001029
0011354	0001030
0001000	0001045
0001028	0001048
0011355	0001056
0011354	0001058
0001367	0001059
0011356	0001059
0000975	0001069
0001000	0001070
0011121	0001072
0001028	0001076
0004297	0001080
0000501	0001087
0004329	0001098
0000606	0001106
0001000	0001106
0007663	0001117
0000504	0001123
0000622	0001125
0001123	0001129
0001123	0001133
0000505	0001141
0000606	0001144
0000617	0001152
0002817	0001155
0001155	0001163
0040070	0001163
0100871	0001169
0005922	0001176
0001155	0001178
0005922	0001188
0009484	0001193
0001197	0001194
0010948	0001195
0011403	0001195
0011425	0001195
0010881	0001196
0000118	0001197
0040064	0001218
0001421	0001227
0001597	0001231
0012759	0001249
0012638	0001250
0003808	0001252
0004372	0001254
0001249	0001256
0004372	0001259
0002167	0001260
0002360	0001262
0004372	0001262
0012758	0001263
0001315	0001265
0100543	0001268
0012758	0001270
0009830	0001271
0002493	0001276
0003808	0001276
0002615	0001278
0012332	0001278
0011025	0001279
0011804	0001281
0001324	0001283
0012638	0001283
0001315	0001284
0011450	0001287
0012649	0001287
0100022	0001288
0004372	0001289
0001252	0001290
0000759	0001291
0001291	0001293
0012638	0001298
0002071	0001300
0009830	0001301
0001332	0001304
0012638	0001311
0012638	0001315
0001252	0001319
0012443	0001322
0011804	0001324
0012759	0001328
0100022	0001332
0100022	0001335
0004305	0001336
0004305	0001337
0012443	0001343
0000709	0001345
0002493	0001347
0011443	0001350
0030178	0001351
0012443	0001360
0011842	0001367
0001367	0001369
0001369	0001370
0003549	0001371
0011729	0001371
0011805	0001371
0100261	0001371
0001367	0001373
0011729	0001376
0011729	0001382
0000969	0001386
0001367	0001386
0011729	0001388
0002012	0001392
0001392	0001394
0001392	0001395
0004297	0001396
0006561	0001397
0001410	0001399
0002896	0001402
0002605	0001404
0001395	0001405
0006706	0001407
0000822	0001409
0006707	0001409
0025155	0001410
0001394	0001413
0010985	0001417
0001417	0001419
0001155	0001421
0001446	0001421
0001417	0001423
0000005	0001425
0000005	0001426
0000005	0001427
0000005	0001428
0001437	0001430
0001392	0001433
0001743	0001433
0003271	0001433
0001446	0001435
0001437	0001436
0002814	0001437
0009127	0001437
0025031	0001438
0001437	0001441
0001428	0001442
0001469	0001443
0000006	0001444
0001469	0001445
0002817	0001446
0009127	0001446
0001832	0001449
0009136	0001449
0010985	0001450
0000006	0001452
0001466	0001452
0002817	0001454
0001446	0001457
0001454	0001457
0030236	0001460
0001435	0001465
0000005	0001466
0003011	0001469
0000006	0001470
0001469	0001471
0000005	0001472
0001470	0001475
0000496	0001477
0001000	0001480
0000508	0001488
0000118	0001507
0004325	0001508
0001507	0001510
0001510	0001511
0004324	0001513
0004325	0001518
0000098	0001519
0004324	0001520
0011420	0001522
0001508	0001525
0040064	0001528
0100555	0001528
0008897	0001530
0001508	0001531
0000098	0001533
0004325	0001533
0001551	0001537
0004299	0001537
0003270	0001538
0004299	0001539
0010991	0001540
0001438	0001541
0010866	0001543
0001551	0001544
0000765	0001547
0004298	0001551
0001197	0001557
0001557	0001558
0001197	0001560
0001560	0001561
0001560	0001562
0001560	0001563
0000118	0001574
0100851	0001575
0000849	0001580
0011138	0001595
0011362	0001596
0011138	0001597
0002164	0001598
0002087	0001600
0001600	0001601
0001600	0001602
0001600	0001607
0000118	0001608
0001608	0001609
0001608	0001611
0001608	0001612
0001609	0001615
0001608	0001618
0002167	0001618
0001608	0001620
0001608	0001621
0001197	0001622
0001787	0001623
0000118	0001626
0030680	0001627
0011025	0001635
0001710	0001636
0001627	0001637
0001637	0001638
0001627	0001640
0001654	0001641
0011603	0001643
0001695	0001645
0001654	0001646
0011675	0001649
0004307	0001651
0001627	0001654
0003115	0001657
0011603	0001660
0011675	0001662
0004308	0001663
0004308	0001664
0001627	0001671
0005150	0001678
0012722	0001678
0011004	0001679
0001679	0001680
0004307	0001683
0001637	0001685
0001608	0001686
0001662	0001688
0011702	0001688
0011025	0001693
0001693	0001694
0011675	0001695
0001627	0001697
0001697	0001698
0011420	0001699
0001637	0001700
0004306	0001706
0001713	0001707
0030872	0001708
0011603	0001710
0001713	0001711
0001627	0001713
0001713	0001714
0001710	0001719
0011723	0001719
0001635	0001722
0001679	0001724
0001654	0001726
0001907	0001727
0000365	0001730
0002012	0001732
0012091	0001733
0012649	0001733
0012090	0001734
0012090	0001737
0000366	0001739
0000600	0001739
0000366	0001742
0002012	0001743
0100763	0001743
0001743	0001744
0003271	0001744
0010451	0001746
0009799	0001747
0009799	0001748
0001713	0001750
0011389	0001751
0001751	0001756
0000407	0001757
0002814	0001760
0001760	0001761
0001760	0001763
0001760	0001769
0001832	0001783
0001760	0001786
0001197	0001787
0001787	0001788
0000969	0001789
0001197	0001789
0001789	0001790
0001197	0001791
0001541	0001791
0008386	0001792
0002164	0001795
0008386	0001798
0008386	0001799
0002164	0001803
0001597	0001805
0001597	0001806
0002164	0001807
0001597	0001808
0002164	0001809
0008388	0001810
0008404	0001810
0002164	0001814
0001597	0001816
0100643	0001820
0002164	0001821
0004325	0001824
0012243	0001827
0001760	0001832
0040069	0001832
0001760	0001833
0001832	0001840
0001760	0001850
0040069	0001850
0009136	0001853
0001218	0001868
0001760	0001868
0000118	0001871
0001871	0001872
0011873	0001873
0012145	0001876
0012130	0001877
0001871	0001881
0010987	0001881
0011893	0001882
0005656	0001883
0001871	0001892
0011873	0001894
0001877	0001901
0011877	0001902
0001877	0001903
0001873	0001905
0001977	0001907
0001881	0001909
0004377	0001909
0010974	0001911
0001876	0001915
0004332	0001922
0001871	0001928
0010989	0001929
0001892	0001934
0000118	0001939
0004360	0001941
0001941	0001942
0011015	0001943
0011032	0001944
0004370	0001945
0001939	0001946
0004360	0001948
0001948	0001949
0001948	0001950
0004364	0001951
0011014	0001952
0000819	0001953
0001993	0001953
0001945	0001954
0001945	0001955
0001513	0001956
0001949	0001960
0200114	0001960
0001627	0001961
0011675	0001962
0000364	0001963
0000234	0001965
0001743	0001971
0001873	0001973
0002960	0001973
0011893	0001974
0011878	0001975
0010988	0001976
0010989	0001976
0001871	0001977
0001871	0001978
0012145	0001980
0004332	0001983
0012537	0001984
0001944	0001986
0002157	0001987
0001558	0001989
0001941	0001993
0001946	0001993
0001941	0001995
0001942	0001996
0012468	0001996
0000271	0001999
0000290	0002003
0000271	0002006
0012639	0002011
0025031	0002012
0002017	0002013
0011458	0002014
0012638	0002015
0025270	0002015
0011458	0002017
0002017	0002018
0011458	0002019
0002577	0002020
0025270	0002020
0002242	0002024
0011458	0002027
0012531	0002027
0002014	0002028
0012718	0002031
0002031	0002032
0002589	0002032
0002577	0002036
0100790	0002036
0011458	0002038
0011458	0002039
0002031	0002040
0002014	0002041
0007378	0002044
0004370	0002045
0004370	0002046
0004370	0002047
0000290	0002056
0002011	0002062
0011442	0002063
0002071	0002067
0002197	0002069
0011442	0002071
0004305	0002072
0002315	0002076
0002076	0002077
0002076	0002083
0000118	0002086
0012252	0002087
0012252	0002088
0006703	0002089
0011947	0002090
0012649	0002090
0002795	0002091
0002795	0002093
0002795	0002094
0002088	0002097
0002094	0002098
0002795	0002099
0100326	0002099
0002088	0002101
0002103	0002102
0002088	0002103
0002793	0002104
0002088	0002105
0002088	0002107
0002107	0002108
0005607	0002109
0002091	0002111
0002093	0002111
0030878	0002111
0002088	0002113
0012443	0002118
0002197	0002121
0011146	0002121
0002197	0002123
0002450	0002127
0001250	0002133
0001288	0002136
0001288	0002141
0002011	0002143
0002143	0002144
0100529	0002148
0002157	0002149
0004368	0002149
0001941	0002151
0010876	0002152
0003112	0002154
0010895	0002154
0003077	0002155
0004364	0002157
0001597	0002164
0001597	0002165
0011446	0002167
0002167	0002168
0100705	0002171
0100022	0002172
0002143	0002176
0007367	0002180
0025112	0002183
0011442	0002186
0011446	0002186
0001249	0002187
0011400	0002188
0012448	0002188
0002360	0002189
0004372	0002189
0000708	0002193
0002200	0002193
0002143	0002196
0001250	0002197
0012638	0002200
0000969	0002202
0002103	0002202
0003470	0002203
0004347	0002203
0004930	0002204
0002719	0002205
0011947	0002205
0002088	0002206
0002113	0002207
0010719	0002208
0010719	0002212
0010719	0002213
0009887	0002220
0010719	0002224
0003328	0002235
0011029	0002239
0012719	0002239
0001392	0002240
0003271	0002240
0012718	0002242
0002242	0002244
0002242	0002250
0002014	0002254
0000400	0002265
0002071	0002267
0001332	0002268
0002011	0002269
0410008	0002270
0012332	0002271
0011443	0002275
0002269	0002282
0009887	0002297
0011362	0002298
0010719	0002299
0000708	0002300
0002167	0002300
0002374	0002304
0004305	0002305
0100660	0002310
0011443	0002311
0012638	0002315
0001288	0002317
0001751	0002321
0004372	0002329
0002315	0002331
0001249	0002342
0007359	0002349
0030178	0002353
0100543	0002354
0001288	0002355
0004302	0002355
0002167	0002357
0000708	0002360
0001288	0002362
0012443	0002363
0000759	0002366
0002450	0002366
0000738	0002367
0002167	0002371
0001250	0002373
0100022	0002374
0002374	0002375
0012759	0002376
0004305	0002380
0002167	0002381
0011450	0002383
0007359	0002384
0011146	0002384
0002143	0002390
0100026	0002390
0002063	0002396
0100022	0002411
0011400	0002415
0012443	0002418
0001324	0002421
0002143	0002423
0002167	0002425
0001328	0002442
0100705	0002446
0001298	0002448
0012757	0002450
0001332	0002451
0100022	0002457
0012332	0002459
0001324	0002460
0011446	0002463
0002167	0002465
0100022	0002476
0001298	0002480
0012638	0002483
0011804	0002486
0100022	0002487
0001909	0002488
0002062	0002492
0011442	0002493
0002360	0002494
0002011	0002511
0001288	0002515
0012640	0002516
0000738	0002519
0001284	0002522
0002814	0002522
0012638	0002524
0002167	0002526
0001288	0002527
0007367	0002529
0001332	0002530
0100022	0002533
0001288	0002540
0002167	0002546
0001595	0002552
0006709	0002557
0004404	0002558
0006709	0002561
0004404	0002562
0002242	0002566
0002027	0002574
0002242	0002576
0012718	0002577
0002577	0002578
0003011	0002578
0030895	0002579
0002242	0002580
0002012	0002585
0012718	0002589
0002242	0002593
0001626	0002597
0001265	0002600
0002814	0002600
0001392	0002605
0012700	0002607
0001395	0002612
0002605	0002614
0011025	0002615
0025015	0002617
0005293	0002619
0002634	0002621
0001679	0002623
0002597	0002624
0004936	0002625
0004296	0002629
0100026	0002629
0002615	0002632
0025015	0002633
0011004	0002634
0002617	0002636
0011004	0002636
0004418	0002638
0002624	0002639
0000822	0002640
0001977	0002641
0002093	0002643
0011844	0002644
0001679	0002647
0002652	0002651
0011842	0002652
0011843	0002653
0012531	0002653
0002652	0002654
0002652	0002655
0002652	0002657
0011843	0002659
0000118	0002664
0004377	0002665
0010622	0002669
0100242	0002669
0008069	0002671
0006749	0002672
0000929	0002679
0000929	0002683
0001197	0002686
0000929	0002693
0000929	0002699
0000929	0002703
0000118	0002715
0002733	0002716
0011733	0002717
0002719	0002718
0010978	0002719
0010978	0002721
0002719	0002722
0002841	0002724
0002960	0002725
0002716	0002729
0002716	0002730
0002733	0002732
0100763	0002733
0004429	0002743
0002093	0002747
0004347	0002747
0000927	0002750
0100671	0002752
0003103	0002753
0011843	0002754
0012649	0002754
0002659	0002756
0002659	0002757
0001367	0002758
0100777	0002762
0011842	0002763
0002832	0002764
0100593	0002764
0005607	0002778
0002087	0002781
0002793	0002789
0005957	0002790
0002793	0002791
0002795	0002792
0002795	0002793
0002086	0002795
0003330	0002797
0005616	0002805
0011844	0002813
0040068	0002813
0040064	0002814
0100491	0002815
0040064	0002817
0040072	0002818
0003040	0002821
0040069	0002823
0012531	0002829
0010766	0002832
0012062	0002833
0002795	0002835
0000014	0002836
0100548	0002836
0002733	0002840
0012649	0002840
0002719	0002841
0004332	0002843
0004332	0002846
0012475	0002848
0002733	0002849
0009728	0002859
0030448	0002859
0008069	0002860
0011792	0002861
0004377	0002863
0002104	0002871
0002104	0002872
0002094	0002875
0002789	0002876
0002791	0002877
0002093	0002878
0002104	0002882
0002793	0002883
0002896	0002884
0002898	0002884
0100031	0002890
0001732	0002894
0011793	0002894
0001392	0002896
0007378	0002896
0100733	0002897
0011792	0002898
0001939	0002904
0100529	0002905
0002904	0002908
0001392	0002910
0001941	0002912
0004341	0002912
0010995	0002912
0003110	0002913
0011017	0002916
0003110	0002919
0011043	0002920
0002011	0002921
0002921	0002922
0030057	0002923
0000820	0002926
0003287	0002928
0008373	0002929
0002926	0002930
0004354	0002932
0004299	0002933
0010978	0002958
0010978	0002960
0004332	0002971
0002817	0002973
0002011	0002977
0002814	0002981
0002981	0002991
0040069	0002991
0002981	0002992
0040069	0002992
0040072	0002997
0100013	0003002
0000759	0003009
0001892	0003010
0000118	0003011
0009810	0003019
0002659	0003023
0011314	0003026
0100491	0003028
0001367	0003037
0001367	0003040
0000765	0003043
0011844	0003043
0002973	0003059
0005262	0003059
0001454	0003063
0040070	0003063
0012116	0003073
0011015	0003074
0010876	0003075
0003119	0003077
0003254	0003079
0002757	0003084
0011314	0003084
0002758	0003088
0001369	0003095
0011314	0003100
0003330	0003103
0011314	0003105
0002813	0003106
0003119	0003107
0001939	0003110
0011277	0003110
0001939	0003111
0004337	0003112
0011422	0003113
0011025	0003115
0011025	0003116
0000818	0003117
0002717	0003118
0011731	0003118
0001939	0003119
0003107	0003124
0010989	0003125
0001941	0003128
0000759	0003130
0012447	0003130
0002143	0003133
0030177	0003134
0045010	0003134
0002157	0003138
0004368	0003142
0003117	0003144
0004341	0003145
0003107	0003146
0004356	0003148
0003110	0003149
0004364	0003149
0003117	0003152
0011043	0003154
0004379	0003155
0003110	0003158
0003117	0003162
0010472	0003163
0003117	0003165
0100530	0003165
0004404	0003186
0010311	0003187
0011805	0003198
0011805	0003199
0004303	0003200
0011805	0003201
0030236	0003202
0011017	0003204
0003204	0003205
0004358	0003206
0004934	0003207
0011004	0003207
0003204	0003208
0000816	0003209
0000816	0003210
0003254	0003213
0004353	0003213
0011018	0003214
0011034	0003216
0001941	0003218
0010928	0003218
0011017	0003220
0040012	0003221
0004341	0003223
0011017	0003224
0010990	0003225
0003204	0003226
0003287	0003232
0040081	0003236
0010876	0003238
0010932	0003240
0000811	0003241
0000811	0003247
0012243	0003249
0012243	0003252
0011017	0003254
0001928	0003256
0011013	0003258
0002157	0003259
0012100	0003259
0030057	0003262
0004356	0003264
0002904	0003265
0004353	0003267
0011458	0003270
0001438	0003271
0002644	0003272
0004379	0003282
0004339	0003286
0012103	0003287
0003287	0003288
0004361	0003292
0030338	0003295
0000925	0003302
0000925	0003304
0000925	0003306
0000925	0003310
0000925	0003319
0001324	0003323
0001324	0003324
0001324	0003325
0009127	0003325
0012531	0003326
0001324	0003327
0001595	0003328
0003328	0003329
0011842	0003330
0012099	0003334
0011849	0003336
0012200	0003337
0001627	0003338
0008066	0003341
0001939	0003343
0004332	0003347
0003107	0003349
0040084	0003351
0002916	0003352
0004337	0003353
0000777	0003357
0002823	0003366
0001288	0003376
0000764	0003378
0003130	0003380
0000759	0003382
0003130	0003383
0000764	0003384
0004302	0003388
0012638	0003388
0003701	0003391
0002460	0003392
0011804	0003394
0030191	0003398
0100285	0003403
0000759	0003405
0045010	0003406
0000925	0003413
0000925	0003416
0000925	0003418
0012531	0003418
0011400	0003429
0003449	0003435
0000759	0003443
0003445	0003444
0003457	0003445
0000764	0003447
0003394	0003449
0000764	0003450
0011019	0003451
0030057	0003453
0030057	0003454
0010964	0003455
0003110	0003456
0011804	0003457
0003198	0003458
0003457	0003458
0012067	0003461
0003107	0003462
0003107	0003464
0003107	0003465
0011731	0003466
0000925	0003468
0003130	0003469
0011442	0003470
0009830	0003474
0000764	0003477
0009830	0003477
0003457	0003482
0003690	0003484
0009830	0003489
0003110	0003491
0012029	0003492
0030057	0003493
0004322	0003498
0003508	0003502
0004322	0003508
0003508	0003510
0003287	0003514
0000098	0003517
0003498	0003521
0009121	0003521
0010928	0003526
0100530	0003528
0003110	0003529
0001941	0003530
0010995	0003530
0001939	0003533
0010933	0003534
0000816	0003536
0002157	0003537
0004369	0003537
0004355	0003538
0030402	0003540
0003110	0003541
0004371	0003541
0004366	0003542
0004302	0003546
0001435	0003547
0003325	0003547
0003800	0003548
0000118	0003549
0001004	0003550
0004302	0003551
0011804	0003552
0002721	0003553
0100658	0003553
0100295	0003554
0004303	0003555
0012084	0003557
0003201	0003558
0011804	0003559
0011805	0003560
0004322	0003561
0040012	0003564
0025021	0003565
0004366	0003568
0001939	0003570
0001941	0003571
0011965	0003572
0002904	0003573
0002640	0003574
0003674	0003577
0003674	0003581
0003581	0003584
0011008	0003587
0003674	0003593
0003581	0003596
0003110	0003606
0030057	0003613
0003110	0003614
0200024	0003616
0003674	0003621
0003674	0003623
0008887	0003635
0010996	0003637
0003110	0003641
0004339	0003643
0001928	0003645
0003287	0003647
0011013	0003649
0004353	0003654
0004367	0003655
0004356	0003657
0008988	0003665
0012823	0003674
0003679	0003676
0003679	0003677
0003679	0003678
0012823	0003679
0003679	0003680
0003679	0003682
0004303	0003687
0003800	0003688
0009141	0003689
0001324	0003690
0009127	0003690
0003202	0003693
0003701	0003694
0003202	0003697
0004302	0003698
0003202	0003700
0001324	0003701
0001324	0003704
0001430	0003707
0003394	0003710
0030236	0003712
0004303	0003713
0003198	0003715
0011805	0003716
0010548	0003719
0003712	0003720
0000467	0003722
0011805	0003725
0002486	0003730
0004303	0003736
0003800	0003737
0003326	0003738
0002486	0003740
0003560	0003741
0000005	0003743
0003743	0003744
0000005	0003745
0001445	0003749
0003325	0003749
0011804	0003750
0010547	0003752
0012084	0003755
0003198	0003756
0100766	0003759
0010548	0003760
0011805	0003761
0002360	0003763
0011355	0003764
0003470	0003768
0003328	0003777
0004325	0003782
0002814	0003783
0011862	0003784
0002921	0003785
0003789	0003787
0003198	0003789
0004303	0003791
0003202	0003797
0009127	0003797
0002750	0003799
0003011	0003800
0004303	0003803
0004303	0003805
0011804	0003808
0040063	0003809
0002460	0003810
0011420	0003811
0012823	0003812
0011420	0003819
0011420	0003826
0003812	0003828
0003812	0003829
0003829	0003831
0002992	0003832
0003063	0003863
0003063	0003866
0003063	0003874
0003063	0003875
0003063	0003876
0003063	0003877
0003063	0003879
0003063	0003887
0003063	0003889
0002973	0003955
0040072	0003958
0040072	0003960
0100777	0003960
0040072	0003963
0040072	0003964
0040072	0003965
0040072	0003966
0040072	0003967
0040072	0003970
0005922	0004057
0001155	0004275
0009142	0004275
0001155	0004276
0100777	0004276
0001155	0004277
0100871	0004283
0005922	0004284
0005922	0004285
0005922	0004287
0005922	0004292
0002577	0004295
0002597	0004296
0012718	0004296
0001392	0004297
0025031	0004298
0010866	0004299
0100790	0004299
0011804	0004302
0011805	0004303
0100022	0004305
0001627	0004306
0001627	0004307
0011675	0004308
0004308	0004309
0010974	0004311
0012144	0004311
0001877	0004312
0000014	0004321
0100589	0004321
0000002	0004322
0001510	0004322
0001507	0004323
0004323	0004324
0004323	0004325
0001824	0004326
0004329	0004327
0012374	0004328
0012374	0004329
0001881	0004332
0004354	0004337
0004337	0004338
0004337	0004339
0100508	0004340
0004340	0004341
0003649	0004342
0010969	0004343
0001324	0004347
0002795	0004347
0003330	0004348
0004348	0004349
0010932	0004352
0010932	0004353
0001939	0004354
0004367	0004355
0011012	0004355
0011017	0004356
0010892	0004357
0001939	0004358
0003119	0004359
0001939	0004360
0003117	0004361
0010927	0004363
0001939	0004364
0004338	0004365
0011013	0004366
0001939	0004367
0004352	0004368
0004352	0004369
0001939	0004370
0011012	0004371
0011446	0004372
0001332	0004373
0011793	0004375
0012639	0004375
0001871	0004377
0011793	0004377
0012732	0004378
0012379	0004379
0001961	0004383
0045017	0004383
0001660	0004384
0002014	0004385
0012649	0004386
0012719	0004386
0004298	0004392
0011458	0004395
0011458	0004396
0012719	0004398
0002577	0004400
0000769	0004404
0004404	0004405
0000366	0004408
0012638	0004408
0004930	0004414
0030163	0004417
0004936	0004418
0004418	0004419
0001977	0004420
0000822	0004421
0000290	0004425
0000309	0004426
0001999	0004428
0002719	0004429
0005387	0004430
0005339	0004431
0000271	0004439
0000929	0004439
0001877	0004447
0008609	0004452
0011452	0004454
0011384	0004458
0000372	0004459
0040095	0004459
0100777	0004459
0000363	0004461
0006254	0004639
0005346	0004673
0001850	0004679
0001850	0004688
0005109	0004690
0001832	0004699
0001649	0004755
0005115	0004755
0001649	0004756
0001671	0004760
0002031	0004791
0012719	0004796
0002719	0004798
0012719	0004798
0001873	0004809
0001873	0004813
0001877	0004825
0001907	0004831
0010989	0004841
0011890	0004846
0002625	0004850
0003282	0004852
0001873	0004854
0030780	0004855
0001873	0004859
0100589	0004871
0004299	0004872
0000765	0004878
0001324	0004878
0002093	0004878
0002883	0004879
0002791	0004881
0002098	0004885
0002093	0004887
0030875	0004890
0003128	0004897
0003128	0004898
0003128	0004900
0003128	0004901
0003128	0004902
0000819	0004904
0008372	0004905
0001986	0004906
0001942	0004911
0003128	0004913
0011013	0004915
0001995	0004918
0004915	0004919
0001941	0004920
0010927	0004921
0001952	0004924
0003128	0004925
0012468	0004925
0002088	0004930
0002597	0004930
0011915	0004934
0025015	0004934
0001977	0004936
0100026	0004947
0025015	0004948
0000822	0004972
0002823	0004975
0001373	0005008
0000934	0005017
0001369	0005059
0002829	0005059
0001789	0005099
0001622	0005100
0001788	0005100
0000365	0005101
0000375	0005102
0000377	0005103
0100593	0005103
3000022	0005103
0000366	0005105
0000925	0005107
0000925	0005108
0001760	0005109
0100261	0005109
0011004	0005114
0011675	0005115
0004948	0005116
0011004	0005116
0000822	0005117
0001627	0005120
0001635	0005130
0001697	0005132
0003115	0005135
0001654	0005146
0011915	0005146
0004308	0005147
0011675	0005150
0004308	0005155
0005120	0005156
0030872	0005162
0003115	0005165
0005120	0005168
0002634	0005177
0001697	0005183
0001657	0005184
0006673	0005185
0005262	0005186
0001367	0005187
0001832	0005194
0003040	0005195
0010318	0005199
0002585	0005200
0006707	0005201
0004798	0005202
0002031	0005203
0012090	0005206
0002577	0005207
0002014	0005208
0010766	0005213
0012090	0005213
0002242	0005214
0004796	0005214
0004798	0005215
0001438	0005217
0002577	0005219
0002242	0005222
0000969	0005225
0002242	0005225
0012090	0005232
0001392	0005237
0002031	0005240
0004796	0005240
0010318	0005243
0012719	0005244
0002242	0005245
0010318	0005247
0004796	0005249
0011957	0005255
0011957	0005256
0000765	0005257
0001435	0005258
0001367	0005261
0011029	0005261
0001367	0005262
0004297	0005264
0002242	0005266
0007378	0005266
0001622	0005267
0001787	0005268
0000366	0005288
0000366	0005289
0002633	0005291
0006704	0005292
0002624	0005293
0011004	0005294
0002633	0005300
0005345	0005301
0004936	0005305
0001028	0005306
0002633	0005310
0004930	0005311
0011004	0005313
0005344	0005314
0004930	0005316
0030875	0005317
0005346	0005324
0005368	0005339
0011004	0005344
0002597	0005345
0000271	0005346
0010307	0005348
0005374	0005352
0004429	0005353
0010515	0005359
0004429	0005360
0002721	0005363
0004429	0005364
0010978	0005368
0002721	0005374
0005374	0005375
0002719	0005386
0002721	0005387
0002719	0005390
0004429	0005396
0002841	0005401
0002718	0005420
0004429	0005428
0002718	0005429
0002719	0005437
0001999	0005461
0005339	0005482
0001600	0005483
0001877	0005502
0012143	0005513
0005521	0005520
0001977	0005521
0004377	0005523
0001909	0005526
0005559	0005527
0010989	0005527
0012145	0005528
0011876	0005537
0001928	0005542
0030780	0005543
0001877	0005546
0001909	0005547
0012143	0005548
0001909	0005558
0010876	0005559
0001871	0005561
0001000	0005587
0009887	0005599
0002087	0005607
0000927	0005616
0011314	0005622
0002973	0005632
0001760	0005656
0002763	0005701
0030038	0005701
0002652	0005716
0003103	0005731
0002652	0005775
0002113	0005828
0002750	0005832
0200000	0005832
0001386	0005833
0002659	0005855
0011314	0005864
0000925	0005881
0001163	0005917
0001155	0005922
0001155	0005926
0003103	0005926
0011314	0005930
0012253	0005938
0002107	0005939
0006530	0005942
0002093	0005943
0006703	0005944
0001600	0005945
0004887	0005946
0005957	0005947
0002088	0005948
0002104	0005949
0001600	0005950
0002795	0005952
0001600	0005956
0002795	0005957
0011014	0005959
0002045	0005964
0001942	0005967
0004370	0005968
0001941	0005972
0011033	0005973
0001993	0005974
0001942	0005976
0001948	0005977
0000819	0005978
0001942	0005979
0001993	0005979
0006254	0005984
0000464	0005986
0011006	0005988
0008188	0005990
0005986	0005991
0000853	0005994
0000069	0005999
0000069	0006000
0001421	0006006
0001163	0006051
0030313	0006051
0001155	0006135
0006135	0006169
0005922	0006228
0045056	0006254
0001155	0006256
0011729	0006256
0012767	0006266
0012767	0006267
0001744	0006268
0010451	0006270
0012090	0006273
0012090	0006276
0012090	0006278
0011890	0006298
0011314	0006367
0002973	0006368
0002823	0006384
0011314	0006391
0002823	0006406
0002823	0006408
0002823	0006432
0002823	0006437
0003063	0006441
0011314	0006465
0030313	0006465
0006536	0006510
0001600	0006511
0002088	0006514
0010766	0006514
0006530	0006515
0002088	0006516
0002088	0006517
0005952	0006520
0006529	0006521
0002107	0006522
0005607	0006524
0006530	0006527
0002088	0006528
0002088	0006529
0100763	0006529
0002088	0006530
0002103	0006531
0002795	0006536
0006536	0006541
0005943	0006543
0004930	0006548
0100026	0006548
0002088	0006549
0005948	0006552
0006706	0006557
0025155	0006558
0001392	0006559
0010766	0006559
0001392	0006561
0004297	0006563
0002240	0006564
0006561	0006565
0001392	0006568
0006707	0006574
0100026	0006574
0006707	0006576
0001394	0006577
0004297	0006580
0001392	0006581
0025155	0006582
0003470	0006597
0009113	0006597
0040157	0006610
0003002	0006625
0006673	0006670
0001635	0006673
0025074	0006677
0006704	0006679
0012089	0006679
0004308	0006682
0001713	0006683
0004306	0006685
0001679	0006687
0001649	0006688
0001713	0006690
0011915	0006690
0001713	0006693
0001671	0006695
0001713	0006698
0002617	0006698
0005115	0006699
0006704	0006702
0002088	0006703
0011004	0006704
0001654	0006705
0001392	0006706
0001392	0006707
0002597	0006707
0004404	0006709
0000765	0006711
0009122	0006711
0100007	0006717
0007378	0006719
0002894	0006725
0011793	0006729
0002860	0006739
0007378	0006749
0002577	0006753
0007378	0006753
0011793	0006756
0007379	0006758
0010622	0006765
0100242	0006765
0008069	0006769
0004377	0006775
0007379	0006778
0100733	0006780
0004377	0006782
0000600	0006783
0001298	0006789
0000759	0006802
0002450	0006802
0000738	0006803
0001291	0006824
0001252	0006829
0007281	0006834
0001298	0006846
0009830	0006865
0001249	0006887
0001249	0006889
0000738	0006896
0004370	0006901
0009830	0006903
0003205	0006916
0100851	0006919
0003552	0006921
0001298	0006929
0011450	0006946
0009830	0006949
0030177	0006958
0030178	0006958
0002457	0006961
0006846	0006965
0001298	0006976
0002167	0006977
0002360	0006979
0007367	0007009
0000736	0007018
0000752	0007018
0001298	0007030
0002977	0007036
0003552	0007066
0009127	0007066
0007030	0007069
0002063	0007076
0002071	0007076
0003560	0007081
0001291	0007097
0001298	0007105
0009830	0007108
0012447	0007108
0002791	0007110
0002480	0007111
0003202	0007126
0009830	0007133
0009830	0007141
0002071	0007153
0003552	0007156
0009127	0007156
0004372	0007159
0004305	0007166
0009830	0007178
0003130	0007182
0004372	0007185
0003202	0007210
0001298	0007239
0002493	0007256
0011400	0007266
0003202	0007269
0002450	0007277
0012759	0007281
0012547	0007295
0002493	0007299
0002186	0007301
0011400	0007305
0002071	0007308
0100660	0007308
0001332	0007325
0009830	0007327
0012447	0007327
0001298	0007335
0000570	0007338
0003690	0007340
0002143	0007344
0007367	0007344
0001250	0007359
0002062	0007363
0002977	0007363
0002011	0007367
0002450	0007373
0007367	0007373
0030177	0007377
0030178	0007377
0011024	0007378
0011793	0007378
0000119	0007379
0011793	0007379
0011135	0007387
0011135	0007397
0005386	0007408
0001000	0007427
0000969	0007430
0008069	0007437
0025276	0007451
0100725	0007453
0025276	0007459
0001155	0007460
0001218	0007460
0001028	0007461
0011356	0007477
0000966	0007480
0011354	0007482
0001000	0007483
0008887	0007485
0011354	0007495
0002718	0007499
0000971	0007500
0000969	0007514
0008887	0007519
0011354	0007549
0025276	0007550
0001000	0007587
0011135	0007592
0008069	0007606
0000969	0007609
0001000	0007610
0001000	0007617
0010766	0007618
0011354	0007618
0008069	0007620
0001000	0007623
0000551	0007641
0000662	0007642
0000504	0007663
0000617	0007668
0001751	0007670
0000662	0007675
0000508	0007687
0012547	0007704
0000597	0007715
0002861	0007716
0100012	0007716
0012547	0007738
0000505	0007758
0000617	0007772
0000551	0007803
0000662	0007830
0000591	0007832
0000508	0007838
0001123	0007854
0000501	0007906
0012632	0007906
0001488	0007911
0007970	0007911
0000649	0007928
0000496	0007941
0000649	0007965
0000508	0007970
0001123	0007987
0000617	0008003
0001087	0008007
0000545	0008012
0001087	0008041
0002597	0008047
0012374	0008047
0000553	0008055
0008056	0008055
0012374	0008056
0004328	0008062
0008056	0008062
0011355	0008065
0011121	0008066
0010647	0008067
0000951	0008069
0011793	0008069
0011357	0008070
0100603	0008071
0002686	0008072
0011436	0008073
0001832	0008074
0030313	0008074
0001761	0008075
0001832	0008078
0001760	0008081
0001760	0008082
0001832	0008089
0001832	0008102
0001760	0008110
0001436	0008116
0001850	0008119
0001832	0008125
0001760	0008132
0001832	0008133
0001850	0008144
0002910	0008150
0012200	0008151
0003119	0008158
0001987	0008162
0004342	0008166
0010964	0008167
0010988	0008169
0002904	0008176
0002763	0008178
0030454	0008179
0000849	0008182
0000826	0008185
0011732	0008186
0008373	0008187
0011772	0008188
0011014	0008189
0008188	0008191
0008373	0008193
0008373	0008197
0000829	0008198
0000843	0008200
0000846	0008207
0011766	0008208
0011768	0008211
0025133	0008214
0011732	0008216
0011732	0008221
0000821	0008223
0008249	0008225
0008373	0008226
0011772	0008229
0100763	0008229
0008221	0008231
0008373	0008233
0000826	0008236
0000835	0008239
0011733	0008242
0000835	0008244
0002926	0008247
0011772	0008249
0000853	0008251
0008221	0008258
0002926	0008263
0003287	0008265
0002763	0008271
0011030	0008277
0003077	0008279
0001987	0008281
0002904	0008282
0002148	0008285
0003287	0008306
0003011	0008316
0003287	0008316
0003155	0008318
0010990	0008321
0012103	0008322
0004340	0008326
0012146	0008330
0010892	0008344
0011869	0008352
0003077	0008356
0010990	0008357
0003075	0008360
0001850	0008364
0001850	0008365
0100508	0008372
0000818	0008373
0030807	0008383
0001597	0008386
0001597	0008388
0001597	0008390
0001231	0008391
0008404	0008391
0008388	0008393
0002164	0008394
0001597	0008396
0001805	0008401
0001231	0008402
0001597	0008404
0000925	0008423
0000925	0008433
0000925	0008443
0000540	0008499
0000407	0008504
0012713	0008504
0000597	0008507
0000405	0008513
0000925	0008518
0009122	0008518
0000925	0008519
0002644	0008519
0011039	0008523
0000407	0008527
0011039	0008528
0000357	0008541
0000365	0008542
0011039	0008544
0000377	0008551
0008772	0008551
0000375	0008554
0008551	0008569
0000356	0008572
0000407	0008573
0000407	0008587
0012712	0008587
0000402	0008588
0011039	0008589
0000405	0008591
0009896	0008593
0000405	0008598
0012712	0008598
0000356	0008605
0000405	0008607
0000356	0008608
0000370	0008609
0000407	0008615
0000407	0008619
0000407	0008625
0012714	0008625
0004452	0008628
0000360	0008629
0000069	0008631
0000812	0008633
0000014	0008635
0000812	0008639
0008197	0008647
0000069	0008676
0000812	0008702
0000812	0008703
0010766	0008703
0002148	0008732
0001600	0008744
0001600	0008747
0001600	0008749
0001600	0008750
0001600	0008751
0001600	0008752
0001600	0008754
0010766	0008754
0000738	0008765
0000719	0008768
0000722	0008770
0000598	0008771
0000356	0008772
0008771	0008772
0008609	0008773
0008771	0008773
0008771	0008774
0011390	0008774
0001600	0008777
0003783	0008796
0002758	0008843
0001511	0008846
0003508	0008848
0008897	0008850
0008897	0008855
0002719	0008866
0011968	0008872
0003498	0008873
0001511	0008883
0040063	0008887
0001510	0008897
0004322	0008929
0001252	0008936
0002716	0008940
0003201	0008942
0001252	0008947
0011957	0008953
0002460	0008959
0002817	0008959
0003202	0008964
0003552	0008967
0001437	0008968
0003712	0008968
0001437	0008969
0003552	0008969
0003560	0008970
0003198	0008978
0003011	0008985
0009126	0008985
0010315	0008986
0001445	0008988
0001471	0008988
0003710	0008991
0009126	0008993
0001437	0008994
0003690	0008994
0003701	0008994
0008887	0009002
0001460	0009004
0001421	0009005
0009131	0009011
0001443	0009013
0001471	0009013
0008887	0009017
0003750	0009020
0001324	0009023
0010991	0009023
0003549	0009025
0009131	0009026
0009127	0009028
0001436	0009031
0003712	0009042
0003201	0009045
0004302	0009046
0001430	0009049
0003202	0009049
0012269	0009051
0004303	0009058
0009125	0009059
0002460	0009063
0009125	0009064
0003737	0009069
0003198	0009071
0003323	0009073
0003701	0009073
0001608	0009088
0002644	0009103
0000775	0009109
0000775	0009110
0000775	0009113
0001324	0009113
0011842	0009115
0000929	0009116
0009122	0009116
0011842	0009121
0009115	0009122
0009121	0009122
0003549	0009124
0009124	0009125
0009025	0009126
0009124	0009126
0003011	0009127
0040064	0009127
0001460	0009128
0009127	0009128
0001446	0009129
0003202	0009129
0003011	0009131
0001850	0009132
0004348	0009132
0001760	0009136
0040069	0009136
0002797	0009139
0040069	0009139
0003800	0009141
0002817	0009142
0009121	0009144
0001155	0009484
0009484	0009485
0000600	0009555
0001291	0009591
0002921	0009709
0001597	0009723
0010786	0009725
0000077	0009726
0010786	0009726
0003011	0009728
0011793	0009728
0009730	0009729
0100544	0009729
0009728	0009730
0000377	0009738
0009738	0009739
0000363	0009748
0001597	0009758
0011843	0009763
0012531	0009763
0011409	0009775
0000464	0009794
0009794	0009795
0009794	0009796
0008609	0009797
0100799	0009797
0000853	0009798
0001743	0009799
0000819	0009800
0002686	0009800
0001635	0009805
0000873	0009806
0001367	0009810
0002817	0009810
0009810	0009811
0009115	0009815
0040064	0009815
0009815	0009826
0009815	0009827
0009815	0009828
0009815	0009829
0011314	0009829
0000759	0009830
0009830	0009831
0003328	0009886
0001595	0009887
0001595	0009888
0008772	0009892
0000377	0009894
0011039	0009895
3000022	0009895
0000377	0009896
0000365	0009900
0000377	0009901
0011039	0009902
0011039	0009904
0011039	0009905
0000363	0009906
0000363	0009907
0000363	0009908
0000363	0009909
0004452	0009910
0000929	0009911
0000377	0009912
0009912	0009913
0000496	0009921
0000632	0009926
0001163	0010009
0001163	0010010
0001163	0010011
0001163	0010012
0001163	0010013
0001832	0010054
0001760	0010219
0001608	0010300
0002143	0010301
0045005	0010301
0002143	0010302
0100006	0010302
0002143	0010303
0010651	0010303
0000765	0010306
0030829	0010307
0000769	0010311
0000769	0010312
0000769	0010313
0000826	0010314
0000775	0010315
0010991	0010318
0001671	0010438
0001713	0010438
0002031	0010450
0001743	0010451
0001743	0010452
0002644	0010456
0012243	0010460
0012243	0010461
0000826	0010465
0011013	0010471
0001939	0010472
0010472	0010473
0000014	0010474
0012620	0010475
0100548	0010475
0000014	0010476
0000014	0010478
0002817	0010483
0009775	0010483
0002817	0010484
0001421	0010486
0009775	0010491
0002814	0010495
0009775	0010495
0002814	0010496
0002814	0010497
0002991	0010503
0001760	0010507
0001832	0010508
0010766	0010512
0011732	0010512
0000777	0010515
0000777	0010516
0000777	0010517
0011772	0010518
0001557	0010519
0001288	0010521
0002186	0010521
0001328	0010522
0002167	0010523
0011446	0010524
0010524	0010525
0002167	0010526
0010524	0010527
0011730	0010527
0010524	0010528
0000708	0010529
0002167	0010529
0002104	0010535
0002360	0010535
0001965	0010541
0011356	0010541
0012547	0010543
0100022	0010546
0001324	0010547
0002486	0010548
0002493	0010549
0001332	0010553
0011792	0010566
0001832	0010567
0003107	0010569
0011436	0010570
0030724	0010576
0004303	0010602
0011355	0010609
0012316	0010614
0030448	0010614
0011793	0010622
0011842	0010622
0008386	0010624
0008388	0010624
0003063	0010629
0003103	0010629
0000366	0010640
0011121	0010647
0011121	0010648
0002011	0010651
0010651	0010652
0004348	0010658
0001832	0010672
0000925	0010674
0003155	0010679
0003155	0010681
0003155	0010682
0003282	0010683
0003282	0010687
0003282	0010688
0001595	0010719
0001595	0010720
0000357	0010722
0000377	0010722
0000377	0010723
0012374	0010727
0003330	0010734
0010734	0010735
0010734	0010736
0000969	0010741
0002814	0010741
0000969	0010742
0002817	0010742
0000306	0010751
0010622	0010762
0000924	0010766
0005120	0010774
0025112	0010780
0011355	0010781
0010787	0010785
0007379	0010786
0000078	0010787
0007379	0010787
0002164	0010793
0001328	0010794
0000153	0010802
0001000	0010802
0002197	0010818
0002197	0010819
0001291	0010824
0001291	0010825
0001291	0010827
0011030	0010836
0001623	0010859
0001623	0010860
0001623	0010861
0001249	0010864
0000708	0010865
0004298	0010866
0005135	0010872
0001939	0010876
0000476	0010878
0010880	0010878
0000476	0010879
0000969	0010880
0001197	0010880
0001194	0010881
0009815	0010884
0011843	0010885
0002992	0010890
0100323	0010890
0004337	0010892
0004338	0010893
0100508	0010894
0010894	0010895
0010895	0010898
0004337	0010899
0010899	0010900
0004339	0010901
0010899	0010901
0004337	0010902
0010902	0010903
0004337	0010904
0010904	0010906
0010902	0010907
0010899	0010908
0010902	0010909
0010892	0010912
0010892	0010914
0004337	0010915
0010915	0010916
0004338	0010917
0004339	0010918
0004339	0010919
0010929	0010927
0004353	0010928
0010996	0010928
0003111	0010929
0010929	0010930
0010930	0010931
0001939	0010932
0004352	0010933
0010933	0010934
0000079	0010935
0000079	0010936
0000366	0010937
0000924	0010937
0000366	0010938
0010948	0010942
0011425	0010942
0011425	0010943
0010948	0010947
0001626	0010948
0010948	0010949
0011403	0010949
0001961	0010954
0011723	0010954
0000014	0010955
0005948	0010959
0002088	0010960
0010960	0010961
0010960	0010962
0011425	0010963
0004359	0010964
0010964	0010965
0004359	0010966
0010966	0010967
0003119	0010968
0010968	0010969
0001877	0010970
0001881	0010974
0010974	0010977
0002715	0010978
0003107	0010979
0010979	0010980
0010979	0010981
0001426	0010982
0001426	0010983
0001426	0010984
0000005	0010985
0002715	0010987
0003256	0010988
0003256	0010989
0003256	0010990
0003011	0010991
0004298	0010991
0004354	0010995
0004354	0010996
0040012	0010997
0003220	0010998
0002977	0011000
0004348	0011001
0000545	0011003
0002597	0011004
0001394	0011005
0000464	0011006
0003011	0011006
0012823	0011008
0011008	0011009
0011008	0011010
0011008	0011011
0011013	0011012
0001939	0011013
0011013	0011014
0011014	0011015
0003110	0011016
0011014	0011016
0001939	0011017
0011017	0011018
0011017	0011019
0004371	0011020
0010876	0011021
0004359	0011022
0025031	0011024
0001626	0011025
0011025	0011028
0001892	0011029
0011028	0011029
0010929	0011030
0011030	0011031
0001939	0011032
0011013	0011033
0001939	0011034
0000377	0011039
0010930	0011042
0003117	0011043
0003130	0011096
0001250	0011097
0002186	0011098
0002242	0011100
0002589	0011100
0011028	0011104
0011104	0011105
0011104	0011106
0100765	0011110
0010978	0011111
0011111	0011112
0011111	0011113
0011113	0011114
0011113	0011115
0011113	0011116
0011113	0011117
0011113	0011118
0000951	0011121
0000951	0011122
0011122	0011123
0012649	0011123
0011121	0011124
0001000	0011125
0002031	0011128
0011017	0011133
0001945	0011134
0000971	0011135
0011135	0011136
0001574	0011138
0002577	0011139
0011140	0011139
0012718	0011140
0001250	0011145
0001250	0011146
0007359	0011153
0007359	0011154
0007359	0011157
0002197	0011169
0002373	0011171
0002373	0011172
0000290	0011220
0000290	0011221
0010876	0011227
0000606	0011232
0009738	0011233
0009738	0011234
0009738	0011235
0009738	0011236
0009738	0011243
0009738	0011244
0009738	0011245
0009896	0011248
0009896	0011249
0009896	0011250
0009896	0011251
0000377	0011252
0011252	0011253
0011252	0011254
0011039	0011261
0011039	0011262
0000363	0011263
0011039	0011264
0000363	0011265
0008551	0011266
0008551	0011267
0009912	0011269
0009912	0011270
0009912	0011271
0001877	0011273
0002718	0011274
0002597	0011276
0011354	0011276
0000079	0011277
0003110	0011279
0003110	0011281
0012443	0011282
0002813	0011297
0011356	0011298
0100871	0011302
0002164	0011312
0002164	0011313
0011844	0011314
0000306	0011323
0001999	0011334
0000606	0011336
0000153	0011337
0000153	0011338
0000496	0011347
0001291	0011348
0011004	0011353
0011121	0011354
0011121	0011355
0011121	0011356
0001595	0011357
0010719	0011359
0010720	0011360
0010720	0011361
0001595	0011362
0040170	0011363
0100643	0011367
0001072	0011368
0008774	0011372
0011390	0011376
0011376	0011377
0011376	0011378
0011376	0011379
0011376	0011380
0011390	0011384
0011384	0011385
0011384	0011386
0011376	0011387
0000375	0011388
0000359	0011389
0000359	0011390
0011390	0011391
0011391	0011392
0000375	0011395
0008774	0011395
0011391	0011396
0002143	0011397
0003808	0011398
0011442	0011398
0002011	0011400
0012447	0011400
0003130	0011401
0012448	0011401
0010881	0011403
0000098	0011407
0001511	0011408
0001194	0011409
0001787	0011410
0001787	0011411
0001787	0011412
0001787	0011413
0100767	0011415
0100767	0011416
0010881	0011417
0010881	0011418
0100767	0011419
0040006	0011420
0011420	0011421
0003111	0011422
0011422	0011423
0001197	0011425
0011425	0011426
0011425	0011427
0011425	0011428
0011425	0011429
0011425	0011430
0011425	0011431
0011436	0011432
0011436	0011433
0011436	0011434
0011436	0011435
0002686	0011436
0002686	0011437
0002686	0011438
0003201	0011439
0003201	0011440
0012638	0011442
0011442	0011443
0002063	0011444
0002071	0011445
0100021	0011445
0012638	0011446
0002011	0011450
0000370	0011452
0004452	0011453
0004452	0011454
0025032	0011458
0030674	0011460
0030674	0011461
0003581	0011462
0003674	0011463
0000407	0011474
0008609	0011475
0000407	0011476
0012715	0011476
0000504	0011514
0011514	0011515
0001627	0011534
0005120	0011535
0011534	0011535
0011534	0011540
0011603	0011540
0011534	0011541
0011534	0011543
0011534	0011544
0001627	0011545
0011545	0011546
0011545	0011563
0005120	0011565
0005120	0011566
0004307	0011599
0004307	0011600
0030680	0011603
0011603	0011604
0001660	0011608
0001660	0011609
0001660	0011610
0012252	0011615
0011615	0011616
0011615	0011617
0011617	0011618
0011617	0011619
0002012	0011620
0030853	0011620
0001679	0011627
0001697	0011628
0006704	0011636
0006704	0011641
0005120	0011642
0001643	0011648
0001643	0011649
0001643	0011650
0005301	0011666
0005301	0011667
0005301	0011668
0005301	0011669
0005301	0011670
0005345	0011671
0100544	0011672
0001028	0011673
0100544	0011673
0011025	0011675
0005345	0011685
0006704	0011686
0011675	0011702
0011702	0011703
0011702	0011704
0012722	0011704
0005150	0011709
0005150	0011710
0012722	0011710
0004930	0011718
0001627	0011723
0011723	0011724
0010948	0011726
0001367	0011729
0012638	0011730
0012111	0011731
0000834	0011732
0000834	0011733
0000846	0011734
0011732	0011742
0008216	0011743
0000828	0011766
0000828	0011767
0011766	0011768
0011768	0011769
0000843	0011770
0000829	0011771
0000820	0011772
0008188	0011780
0008249	0011781
0000836	0011782
0000836	0011783
0000836	0011784
0000836	0011785
0000836	0011786
0000821	0011787
0002926	0011788
0002926	0011789
0011789	0011790
0011789	0011791
0002664	0011792
0002664	0011793
0000271	0011799
0000309	0011800
0003011	0011804
0003011	0011805
0100295	0011807
0002486	0011809
0011730	0011810
0011730	0011811
0011730	0011812
0007367	0011813
0004352	0011814
0000929	0011815
0000929	0011821
0000306	0011822
0000306	0011823
0000306	0011824
0001072	0011838
0000924	0011842
0000924	0011843
0011842	0011844
0010622	0011846
0010622	0011847
0002027	0011848
0003330	0011849
0002585	0011854
0000600	0011855
0000969	0011855
0004377	0011857
0010989	0011858
0002101	0011861
0003330	0011862
0100529	0011864
0001872	0011869
0001872	0011873
0001873	0011874
0001872	0011875
0001872	0011876
0011876	0011877
0011869	0011878
0011878	0011879
0005521	0011880
0011878	0011881
0011878	0011882
0011875	0011883
0001892	0011884
0011029	0011885
0012373	0011885
0001892	0011888
0001892	0011889
0001892	0011890
0011890	0011891
0100831	0011892
0001881	0011893
0010990	0011898
0001877	0011902
0001163	0011911
0010766	0011915
0030680	0011915
0001436	0011916
0003287	0011922
0003110	0011942
0003110	0011943
0002633	0011944
0006530	0011945
0006530	0011946
0002088	0011947
0011947	0011948
0002665	0011953
0100526	0011953
0001392	0011954
0002242	0011956
0009131	0011957
0011957	0011959
0004305	0011964
0004337	0011965
0011965	0011966
0011458	0011968
0030345	0011969
0011034	0011970
0002921	0011972
0012145	0011974
0000365	0011975
0011849	0011986
0001671	0011994
0010990	0011996
0002151	0011997
0000746	0011999
0010948	0012021
0010948	0012022
0004915	0012023
0004915	0012024
0004337	0012025
0012025	0012026
0000969	0012027
0001600	0012027
0002896	0012028
0000818	0012029
0200013	0012031
0012031	0012032
0012031	0012034
0008069	0012035
0003202	0012036
0003202	0012037
0011957	0012037
0000144	0012041
0002099	0012042
0001284	0012046
0002817	0012046
0000504	0012047
0007430	0012050
0100511	0012052
0100511	0012053
0007716	0012054
0002861	0012056
0008069	0012056
0012056	0012057
0012056	0012058
0012056	0012059
0012056	0012060
0010471	0012061
0003330	0012062
0012062	0012063
0012062	0012064
0012062	0012065
0010471	0012066
0011013	0012067
0012067	0012068
0003110	0012072
0003110	0012073
0000708	0012075
0012075	0012076
0012075	0012077
0011442	0012079
0004303	0012084
0003110	0012086
0008322	0012087
0003110	0012088
0011004	0012089
0001732	0012090
0001732	0012091
0012091	0012092
0000818	0012093
0012091	0012093
0012090	0012094
0001373	0012095
0000969	0012098
0003117	0012099
0004364	0012100
0012100	0012101
0008322	0012102
0011017	0012103
0000501	0012108
0000501	0012109
0003117	0012111
0012111	0012112
0004337	0012113
0001392	0012115
0012649	0012115
0010876	0012116
0012116	0012117
0004353	0012127
0005561	0012129
0005561	0012130
0001877	0012131
0001877	0012134
0005561	0012135
0012135	0012136
0012135	0012137
0012137	0012138
0012137	0012139
0005561	0012140
0002894	0012142
0005561	0012143
0005561	0012144
0005561	0012145
0003256	0012146
0012146	0012147
0002863	0012148
0002863	0012149
0002863	0012150
0002103	0012151
0045014	0012153
0100851	0012154
0005344	0012158
0005344	0012163
0100022	0012164
0012332	0012173
0030780	0012175
0004332	0012176
0011004	0012180
0009830	0012181
0002860	0012182
0010472	0012187
0002686	0012188
0002665	0012189
0002793	0012195
0002793	0012196
0002315	0012199
0003256	0012200
0012200	0012201
0010996	0012202
0002841	0012203
0000077	0012210
0000077	0012211
0011277	0012211
0010472	0012217
0030448	0012218
0011356	0012221
0001028	0012222
0001743	0012223
0005368	0012224
0002315	0012228
0002921	0012229
0003115	0012232
0011805	0012233
0011422	0012236
0040127	0012236
0010876	0012239
0009058	0012240
0000078	0012243
0012243	0012244
0012244	0012245
0000597	0012246
0001291	0012246
0003115	0012248
0003115	0012249
0012249	0012250
0012249	0012251
0002086	0012252
0012252	0012253
0100242	0012254
0005938	0012255
0005938	0012258
0005938	0012260
0002795	0012261
0012261	0012262
0012262	0012263
0005938	0012264
0012262	0012265
0005135	0012266
0005938	0012267
0004303	0012269
0012269	0012270
0002781	0012271
0003115	0012272
0005344	0012273
0000006	0012274
0000006	0012275
0100261	0012276
0003112	0012277
0010895	0012277
0010894	0012278
0012278	0012279
0001392	0012280
0011034	0012280
0001541	0012281
0011793	0012288
0012288	0012289
0012288	0012290
0000811	0012293
0000929	0012294
0000069	0012300
0001679	0012303
0011034	0012309
0011893	0012310
0012144	0012310
0012316	0012315
0011792	0012316
0002315	0012318
0001909	0012324
0005114	0012326
0001028	0012329
0002270	0012331
0002270	0012332
0012332	0012333
0004340	0012335
0012335	0012336
0001939	0012337
0012337	0012338
0012338	0012339
0012338	0012340
0001072	0012344
0011013	0012345
0012345	0012346
0012346	0012347
0012346	0012358
0001999	0012368
0000309	0012371
0000478	0012372
0000478	0012373
0012372	0012374
0001123	0012377
0025142	0012378
0001939	0012379
0012379	0012380
0011968	0012381
0001693	0012382
0001693	0012383
0000366	0012384
0011947	0012387
0001252	0012389
0001265	0012391
0002817	0012391
0100326	0012393
0012393	0012394
0012393	0012395
0000969	0012398
0012379	0012400
0003110	0012401
0003110	0012404
0001288	0012407
0000826	0012411
0100000	0012412
0002795	0012415
0012415	0012416
0012415	0012417
0012415	0012418
0012415	0012419
0001560	0012420
0012700	0012423
0002823	0012427
0012378	0012431
0012378	0012432
0000708	0012433
0012433	0012434
0012758	0012434
0002011	0012443
0002921	0012446
0012639	0012447
0012447	0012448
0002019	0012450
0002019	0012451
0002360	0012452
0002315	0012459
0003110	0012461
0005972	0012466
0012468	0012466
0005972	0012467
0001941	0012468
0011097	0012469
0000597	0012470
0005344	0012474
0005368	0012475
0012475	0012476
0011883	0012483
0011883	0012484
0011875	0012485
0002143	0012486
0012649	0012486
0009124	0012490
0012649	0012490
0011875	0012491
0004347	0012496
0004347	0012497
0001787	0012498
0000864	0012503
0012443	0012503
0000504	0012508
0010876	0012509
0002921	0012510
0009763	0012513
0009763	0012514
0012379	0012517
0011875	0012524
0025142	0012531
0012531	0012532
0012531	0012533
0012638	0012535
0011437	0012536
0001939	0012537
0001984	0012538
0002665	0012539
0001787	0012541
0001892	0012541
0001805	0012542
0003110	0012543
0012400	0012544
0012400	0012545
0002686	0012546
0000496	0012547
0011805	0012548
0004337	0012556
0002926	0012558
0012558	0012559
0012558	0012560
0030448	0012570
0003110	0012591
0003110	0012610
0003110	0012612
0003110	0012614
0000119	0012620
0010866	0012620
0012620	0012621
0004328	0012627
0012374	0012628
0012373	0012632
0012632	0012633
0000707	0012638
0000707	0012639
0012638	0012640
0012640	0012641
0045010	0012645
0010978	0012647
0012647	0012648
0012647	0012649
0002099	0012652
0002099	0012653
0002921	0012654
0012638	0012657
0012657	0012658
0012658	0012659
0012658	0012660
0012658	0012661
0012658	0012662
0003116	0012667
0001279	0012668
0001279	0012669
0001279	0012670
0012443	0012675
0000818	0012680
0012443	0012681
0012680	0012681
0012638	0012688
0012680	0012688
0012688	0012689
0025032	0012700
0012700	0012701
0012700	0012702
0002011	0012703
0012703	0012704
0012638	0012705
0025047	0012706
0025045	0012707
0025052	0012708
0012705	0012709
0001597	0012710
0000365	0012712
0000365	0012713
0000365	0012714
0000365	0012715
0000405	0012716
0012712	0012716
0012713	0012716
0000405	0012717
0012712	0012717
0012714	0012717
0011024	0012718
0025033	0012718
0011024	0012719
0025032	0012719
0002624	0012721
0011675	0012722
0011702	0012723
0012722	0012723
0012718	0012732
0011355	0012733
0002795	0012735
0008069	0012740
0001231	0012742
0001816	0012742
0001513	0012743
0001816	0012746
0008388	0012746
0011400	0012754
0012639	0012757
0012759	0012758
0012638	0012759
0012433	0012760
0002094	0012763
0002094	0012764
0100767	0012767
0002643	0012768
0002817	0012769
0012769	0012770
0012769	0012771
0000002	0012772
0012772	0012773
0012772	0012774
0000553	0012776
0000365	0012779
0000598	0012780
0011793	0012780
0000365	0012781
0000010	0012786
0011849	0012790
0100742	0012797
0100766	0012797
0012797	0012798
0100526	0012798
0000539	0012803
0000366	0012808
0003187	0012813
0003187	0012814
0001637	0012819
0000001	0012823
0012823	0012824
0012824	0012825
0012824	0012826
0012824	0012827
0012824	0012828
0012824	0012829
0012823	0012830
0012830	0012831
0012831	0012832
0012831	0012833
0012831	0012834
0012831	0012835
0012830	0012836
0012836	0012837
0012836	0012838
0012836	0012839
0012836	0012840
0008069	0012842
0011138	0012842
0012842	0012843
0002133	0012847
0001395	0012852
0002031	0012859
0012243	0012862
0012862	0012863
0000080	0012874
0012874	0012875
0003712	0012893
0011006	0012893
0003712	0012894
0003712	0012895
0030178	0012896
0002486	0012899
0002486	0012900
0002486	0012901
0002486	0012902
0002486	0012903
0002486	0012904
0012836	0020034
0002795	0025008
0002063	0025013
0002597	0025015
0025015	0025016
0025018	0025017
0030163	0025018
0030163	0025019
0010876	0025020
0001939	0025021
0025021	0025022
0002242	0025028
0012331	0025028
0000118	0025031
0025031	0025032
0025031	0025033
0012130	0025034
0012130	0025035
0002733	0025042
0025042	0025043
0002088	0025044
0012705	0025045
0025045	0025046
0012705	0025047
0025047	0025048
0012705	0025049
0025049	0025050
0025049	0025051
0012705	0025052
0025052	0025053
0001743	0025059
0025059	0025060
0025059	0025061
0011458	0025063
0001877	0025065
0003115	0025070
0025070	0025071
0025070	0025072
0003115	0025074
0025074	0025076
0012090	0025079
0011121	0025082
0011121	0025083
0002014	0025085
0001806	0025088
0011124	0025092
0002795	0025095
0025095	0025096
0011355	0025104
0000708	0025112
0025112	0025113
0011124	0025115
0001197	0025116
0011124	0025117
0008069	0025127
0040063	0025128
0003117	0025132
0008373	0025132
0025132	0025133
0025133	0025134
0025132	0025135
0025135	0025136
0025135	0025137
0025132	0025138
0025138	0025139
0025138	0025140
0000118	0025142
0025142	0025143
0025142	0025144
0025143	0025145
0025144	0025145
0000504	0025152
0011008	0025153
0025032	0025155
0025032	0025156
0011013	0025157
0000708	0025160
0025160	0025161
0025160	0025162
0025082	0025164
0025082	0025165
0025082	0025166
0025082	0025167
0005162	0025168
0005162	0025169
0100006	0025170
0030879	0025172
0030879	0025173
0030879	0025174
0006530	0025175
0006530	0025176
0006530	0025177
0006530	0025178
0002088	0025179
0025179	0025180
0001438	0025181
0000496	0025186
0000776	0025193
0000776	0025194
0000776	0025195
0012316	0025197
0100299	0025200
0010876	0025201
0025201	0025202
0012823	0025204
0025204	0025205
0025204	0025206
0025204	0025207
0025204	0025208
0025208	0025209
0025208	0025210
0025204	0025211
0025204	0025212
0025208	0025213
0025204	0025214
0025204	0025215
0025204	0025216
0025204	0025217
0025204	0025218
0025204	0025219
0025204	0025220
0025204	0025221
0025204	0025222
0025204	0025223
0025204	0025224
0025204	0025225
0025204	0025226
0025204	0025227
0025204	0025228
0025204	0025229
0100261	0025230
0011842	0025231
0025231	0025232
0002360	0025233
0002360	0025234
0012531	0025238
0011355	0025245
0011355	0025249
0012823	0025254
0025254	0025255
0025254	0025256
0025254	0025257
0002758	0025266
0002360	0025267
0002167	0025268
0012719	0025270
0025270	0025271
0025230	0025273
0012836	0025275
0001574	0025276
0025276	0025277
0025276	0025278
0011008	0025279
0012823	0025280
0025280	0025281
0025280	0025282
0025280	0025283
0025280	0025284
0012823	0025285
0025285	0025286
0012836	0025287
0002716	0025289
0012836	0025290
0012836	0025291
0012836	0025292
0012836	0025293
0012836	0025294
0012836	0025295
0012836	0025296
0011008	0025297
0011008	0025301
0011008	0025302
0011008	0025303
0025303	0025304
0025304	0025305
0011009	0025306
0011009	0025307
0011009	0025308
0025285	0025315
0030846	0025322
0030163	0025323
0025323	0025324
0011029	0025328
0030057	0025329
0003103	0025332
0025204	0025334
0008047	0025337
0030057	0025343
0010876	0025345
0025345	0025346
0025345	0025347
0002841	0025351
0000006	0025352
0000118	0025354
0000708	0025356
0011842	0025368
0025368	0025369
0003457	0030000
0025018	0030005
0003457	0030006
0003482	0030007
0000080	0030012
0030012	0030014
0000377	0030021
0000377	0030022
0000377	0030023
0000377	0030025
0011039	0030026
0002813	0030030
0010622	0030038
0002991	0030045
0011450	0030049
0002360	0030050
0001288	0030051
0011121	0030053
0011355	0030054
0010719	0030056
0002960	0030057
0003287	0030059
0011792	0030060
0030060	0030061
0030061	0030062
0030061	0030063
0100013	0030075
0100013	0030076
0040202	0030082
0002921	0030085
0008373	0030087
0030347	0030087
0003077	0030088
0030087	0030088
0030348	0030088
0004303	0030089
0030089	0030090
0030089	0030093
0030089	0030095
0030089	0030096
0030089	0030100
0030089	0030103
0030089	0030104
0030089	0030105
0030089	0030112
0030089	0030113
0030089	0030116
0030089	0030119
0030089	0030122
0030089	0030123
0012146	0030129
0012146	0030130
0012146	0030131
0012146	0030136
0011890	0030137
0001892	0030138
0001892	0030139
0011458	0030142
0030142	0030143
0030142	0030144
0030142	0030145
0001392	0030146
0011025	0030148
0011025	0030149
0004332	0030150
0002027	0030157
0002597	0030163
0011025	0030163
0030163	0030164
0025142	0030166
0030057	0030167
0002577	0030169
0003130	0030172
0003130	0030173
0001311	0030177
0001311	0030178
0001252	0030190
0012535	0030191
0030191	0030201
0030006	0030205
0100285	0030205
0100285	0030206
0002793	0030207
0030057	0030208
0030057	0030209
0030057	0030210
0000722	0030212
0100851	0030213
0000719	0030215
0002186	0030217
0000719	0030220
0010524	0030222
0000708	0030223
0030089	0030224
0030089	0030226
0030089	0030228
0004303	0030230
0011805	0030236
0001421	0030237
0030247	0030242
0030247	0030243
0002686	0030244
0030244	0030245
0030244	0030246
0004936	0030247
0030247	0030248
0002088	0030250
0001597	0030254
0002973	0030267
0011842	0030268
0030352	0030269
0001877	0030271
0001877	0030272
0012379	0030272
0001373	0030310
0001373	0030311
0003330	0030313
0040166	0030313
0030313	0030314
0011004	0030321
0030321	0030322
0002143	0030325
0011122	0030331
0003117	0030338
0030338	0030339
0030339	0030341
0030346	0030341
0030339	0030344
0030345	0030344
0030338	0030345
0030338	0030346
0003117	0030347
0030347	0030348
0030347	0030349
0003117	0030352
0030352	0030353
0011112	0030354
0100526	0030357
0100526	0030358
0011022	0030361
0011410	0030363
0011410	0030364
0001787	0030365
0001787	0030366
0001787	0030369
0002463	0030391
0040096	0030393
0010787	0030394
0011869	0030396
0030396	0030397
0030396	0030399
0030396	0030400
0011869	0030402
0030402	0030403
0007378	0030406
0012842	0030410
0010787	0030416
0001743	0030423
0008069	0030428
0012288	0030429
0100007	0030430
0010622	0030431
0010622	0030432
0100246	0030433
0012842	0030434
0008069	0030436
0008069	0030447
0040192	0030447
0100242	0030448
0001787	0030449
0100007	0030450
0100016	0030451
0030451	0030452
0012373	0030453
0030453	0030454
0000649	0030455
0000512	0030466
0000512	0030467
0000512	0030468
0000504	0030511
0000504	0030512
0030512	0030513
0030512	0030514
0000505	0030515
0001123	0030531
0007663	0030532
0000551	0030584
0001123	0030588
0004329	0030601
0012373	0030637
0001123	0030644
0012836	0030645
0012836	0030646
0012836	0030647
0012836	0030648
0012836	0030649
0012836	0030650
0012836	0030651
0010881	0030654
0010881	0030655
0010881	0030656
0010881	0030657
0011418	0030658
0011418	0030659
0011418	0030660
0009023	0030664
0000315	0030669
0000315	0030670
0003674	0030674
0000377	0030676
0000377	0030677
0001626	0030680
0001637	0030681
0003117	0030684
0030684	0030685
0030684	0030686
0003117	0030687
0030687	0030688
0030687	0030689
0100006	0030692
0006703	0030707
0100767	0030714
0005120	0030718
0100767	0030720
0001392	0030722
0002011	0030724
0030724	0030725
0011792	0030731
0002617	0030745
0011603	0030745
0001197	0030753
0009124	0030759
0011409	0030763
0011121	0030764
0000598	0030766
0012531	0030766
0045005	0030769
0045005	0030770
0003256	0030780
0004359	0030781
0011112	0030782
0002167	0030784
0100764	0030785
0000504	0030786
0000372	0030787
0030787	0030788
0030787	0030789
0030787	0030790
0011014	0030794
0030794	0030795
0030794	0030796
0012373	0030800
0030800	0030801
0002164	0030803
0002164	0030804
0001597	0030805
0030807	0030806
0001597	0030807
0001597	0030808
0100765	0030812
0100765	0030813
0100765	0030814
0001597	0030817
0008404	0030818
0001597	0030819
0000591	0030823
0030829	0030828
0002795	0030829
0030829	0030830
0030829	0030831
0012531	0030833
0012531	0030834
0012531	0030835
0012531	0030836
0012531	0030837
0012531	0030838
0012531	0030839
0012531	0030840
0012531	0030841
0011034	0030843
0030163	0030846
0030846	0030847
0030163	0030850
0030850	0030851
0030850	0030852
0001507	0030853
0000591	0030854
0200026	0030857
0000708	0030858
0030057	0030859
0002921	0030860
0002098	0030863
0002098	0030864
0011025	0030872
0030057	0030873
0012418	0030874
0002795	0030875
0030163	0030875
0030875	0030876
0006536	0030877
0030878	0030877
0002795	0030878
0002088	0030879
0030163	0030880
0006704	0030882
0002719	0030885
0004332	0030886
0030057	0030888
0002795	0030893
0030893	0030894
0012719	0030895
0030895	0030896
0000989	0030898
0000989	0030899
0000989	0030900
0000989	0030901
0002476	0030902
0002476	0030903
0002476	0030904
0002476	0030905
0002476	0030906
0002315	0030907
0030057	0030908
0030057	0030909
0001197	0030917
0030917	0030918
0030917	0030919
0030919	0030920
0030919	0030921
0030919	0030922
0030919	0030923
0030919	0030924
0030919	0030925
0030919	0030926
0030918	0030927
0030918	0030928
0030918	0030929
0030918	0030930
0030918	0030931
0030918	0030932
0030918	0030933
0002242	0030935
0012531	0030943
0012379	0030948
0030875	0030950
0011805	0030951
0030858	0030955
0000001	0040006
0003220	0040012
0001832	0040034
0001832	0040035
0001805	0040036
0001231	0040039
0001806	0040039
0001806	0040040
0008388	0040040
0010315	0040044
0000775	0040045
0040045	0040046
0040045	0040047
0040046	0040048
0000366	0040057
0100037	0040057
0009124	0040063
0000118	0040064
0002813	0040065
0040070	0040065
0002813	0040066
0040069	0040066
0000924	0040068
0040064	0040068
0002814	0040069
0040068	0040069
0002817	0040070
0040068	0040070
0002973	0040072
0040070	0040072
0000764	0040078
0000357	0040080
0011021	0040081
0100851	0040082
0001288	0040083
0000847	0040084
0000847	0040085
0004332	0040088
0011893	0040088
0000356	0040090
0000370	0040090
0010722	0040091
0010722	0040092
0010722	0040093
0000356	0040095
0012780	0040095
0000359	0040096
0012780	0040096
0040095	0040097
0002671	0040098
0040095	0040098
0000359	0040099
0000370	0040099
0000359	0040100
0000370	0040100
0000413	0040101
0000413	0040102
0000402	0040103
0000402	0040104
0000356	0040111
0000377	0040112
0000407	0040113
0000370	0040115
0040115	0040116
0040115	0040117
0040115	0040118
0000405	0040119
0004454	0040120
0004454	0040121
0040115	0040124
0004341	0040126
0001939	0040127
0040127	0040128
0100660	0040141
0001939	0040142
0001941	0040145
0010995	0040145
0040145	0040146
0040145	0040147
0004404	0040157
0040157	0040158
0002644	0040163
0040166	0040165
0000924	0040166
0011799	0040167
0012740	0040167
0007359	0040168
0040170	0040169
0001595	0040170
0030087	0040171
0030349	0040171
0000234	0040172
0003011	0040172
0012379	0040175
0003119	0040176
0040176	0040177
0040177	0040178
0040177	0040179
0002607	0040183
0001873	0040185
0011877	0040185
0100806	0040187
0001367	0040188
0100323	0040188
0011124	0040189
0100568	0040192
0011443	0040200
0000708	0040202
0002921	0040203
0040206	0040203
0004364	0040206
0002921	0040207
0040210	0040207
0004364	0040210
0011356	0040211
0100871	0040211
0002793	0040213
0003117	0040214
0040214	0040215
0040215	0040216
0002686	0040222
0002088	0040223
0011029	0040223
0001928	0040224
0010990	0040226
0010990	0040227
0010990	0040228
0010990	0040229
0010990	0040230
0001892	0040231
0040231	0040232
0040224	0040236
0012146	0040237
0010990	0040239
0012146	0040240
0030402	0040241
0003011	0040242
0011029	0040242
0040224	0040243
0010990	0040244
0010990	0040245
0010990	0040246
0040224	0040247
0040224	0040248
0040224	0040249
0012200	0040250
0000370	0040262
0012531	0040264
0001446	0040265
0003712	0040265
0000370	0040268
0002719	0040268
0040115	0040269
0001952	0040270
0002143	0040272
0100568	0040277
0000001	0040279
0040279	0040280
0040279	0040281
0040279	0040282
0040279	0040283
0040279	0040284
0040279	0040285
0002011	0045005
0100766	0045006
0000759	0045010
0003119	0045014
0001627	0045017
0045027	0045026
0000118	0045027
0002797	0045039
0040070	0045039
0012379	0045040
0045040	0045041
0010876	0045046
0030878	0045049
0045049	0045050
0045049	0045051
0410010	0045052
0410010	0045053
0003328	0045055
0010876	0045056
0045056	0045057
0002813	0045060
0009815	0045060
0100831	0045063
0012649	0045073
0004323	0045081
0004325	0045082
0045081	0045082
0004324	0045083
0045081	0045083
0008373	0100000
0011793	0100001
0002585	0100003
0100001	0100003
0100016	0100003
0001697	0100004
0100001	0100004
0002011	0100006
0004375	0100006
0000759	0100007
0004375	0100007
0100007	0100008
0011793	0100012
0012372	0100012
0000769	0100013
0011793	0100013
0002012	0100016
0011442	0100021
0100022	0100021
0012638	0100022
0100851	0100024
0012433	0100025
0025015	0100026
0008188	0100028
0011772	0100031
0100568	0100031
0004305	0100033
0003103	0100036
0001595	0100037
0001965	0100037
0003103	0100039
0009888	0100133
0009888	0100134
0011729	0100240
0002973	0100241
0012253	0100241
0011792	0100242
0030448	0100243
0030448	0100244
0010622	0100246
0002795	0100247
0003011	0100249
0010766	0100249
0007367	0100256
0002813	0100257
0011842	0100261
0001155	0100270
0001760	0100270
0001608	0100271
0009794	0100272
0000632	0100274
0001291	0100274
0011355	0100276
0003457	0100283
0003457	0100284
0003457	0100285
0003457	0100287
0002411	0100288
0003457	0100288
0011034	0100292
0045010	0100292
0004303	0100293
0004303	0100295
0004303	0100296
0004303	0100297
0004303	0100298
0004303	0100299
0100299	0100303
0100299	0100304
0004303	0100305
0010885	0100323
0001072	0100324
0010978	0100326
0012393	0100327
0001850	0100339
0001367	0100491
0002814	0100491
0004364	0100493
0003549	0100494
0010974	0100494
0004340	0100496
0100496	0100497
0004341	0100502
0004340	0100503
0004340	0100504
0004340	0100505
0004340	0100506
0012335	0100507
0001939	0100508
0100508	0100509
0100509	0100510
0100508	0100511
0100511	0100512
0100514	0100513
0100508	0100514
0000069	0100516
0010786	0100516
0000777	0100521
0011793	0100521
0100521	0100522
0001392	0100523
0002722	0100523
0002813	0100524
0002088	0100526
0100606	0100526
0002103	0100527
0100606	0100527
0003111	0100529
0001939	0100530
0012373	0100533
0012649	0100533
0002991	0100535
0002992	0100535
0003549	0100536
0012649	0100537
0100536	0100537
0000606	0100538
0004299	0100541
0011446	0100543
0001627	0100544
0011793	0100544
0005114	0100545
0012443	0100547
0004298	0100548
0100261	0100550
0005607	0100552
0100526	0100552
0001528	0100553
0010496	0100553
0100559	0100553
0001528	0100554
0010484	0100554
0100560	0100554
0001507	0100555
0002814	0100559
0100555	0100559
0002817	0100560
0100555	0100560
0002143	0100561
0000818	0100568
0011793	0100568
0001713	0100571
0000504	0100576
0000014	0100577
0012649	0100577
0009125	0100578
0004306	0100584
0012649	0100584
0000119	0100589
0002585	0100592
0002763	0100593
0010766	0100593
0002031	0100594
0000969	0100598
0002088	0100598
0100603	0100601
0100603	0100602
0002686	0100603
0001600	0100605
0100606	0100605
0002086	0100606
0011793	0100606
0000858	0100607
0011420	0100613
0011805	0100614
0012649	0100614
0002686	0100622
0002031	0100628
0002006	0100629
0011732	0100631
0100568	0100631
0002101	0100632
0100007	0100634
0100568	0100634
0001600	0100640
0100631	0100641
0100631	0100642
0001597	0100643
0100643	0100644
0011772	0100646
0012649	0100646
0000819	0100651
0000765	0100656
0010866	0100656
0003549	0100658
0002597	0100659
0012443	0100659
0100022	0100660
0002763	0100662
0012649	0100662
0000357	0100663
0002242	0100668
0011140	0100668
0100671	0100670
0003330	0100671
0010647	0100679
0002031	0100681
0011140	0100681
0003549	0100685
0100685	0100686
0000356	0100687
0002992	0100694
0009126	0100695
0030448	0100697
0003549	0100699
0010651	0100700
0010651	0100701
0000505	0100704
0002011	0100705
0100705	0100706
0100705	0100707
0100705	0100708
0000765	0100711
0000925	0100711
0000925	0100712
0000377	0100720
0002716	0100721
0045026	0100721
0007378	0100723
0001928	0100724
0011121	0100725
0001999	0100729
0002088	0100730
0012090	0100732
0011766	0100733
0100568	0100733
0000822	0100735
0040202	0100738
0002597	0100742
0011793	0100742
0000969	0100748
0011805	0100748
0000765	0100749
0012531	0100749
0002088	0100750
0002031	0100751
0007378	0100751
0012288	0100751
0030146	0100752
0000708	0100753
0000708	0100754
0002894	0100757
0001939	0100758
0002715	0100763
0010566	0100764
0100763	0100764
0100763	0100765
0002597	0100766
0100763	0100766
0001194	0100767
0005262	0100769
0002763	0100773
0011842	0100774
0010622	0100777
0005368	0100778
0010311	0100783
0002360	0100785
0002360	0100786
0003549	0100790
0011124	0100792
0002164	0100797
0008388	0100797
0001231	0100798
0002164	0100798
0000370	0100799
0012780	0100799
0002577	0100802
0001597	0100803
0011356	0100803
0010978	0100806
0002577	0100808
0001965	0100809
0011039	0100810
0002242	0100819
0100790	0100823
0001597	0100826
0011793	0100826
0000769	0100829
0000377	0100830
0100508	0100831
0007378	0100833
0100006	0100835
0100006	0100836
0001392	0100839
0002577	0100841
0012090	0100844
0100326	0100845
0000708	0100851
0100851	0100852
0000769	0100853
0001460	0100854
0001155	0100871
0001760	0100872
0011356	0100872
0011357	0100874
0000606	0100876
0010566	0100882
0010566	0100883
0100767	0100883
0000315	0100886
0012374	0100886
0000315	0100887
0012374	0100887
0003287	0100950
0010964	0100950
0012433	0100962
0000927	0200000
0005616	0200001
0200000	0200001
0009124	0200013
0011793	0200013
0001000	0200015
0002916	0200024
0012373	0200026
0012531	0200026
0011356	0200028
0011355	0200034
0011355	0200035
0011355	0200036
0011355	0200037
0011355	0200041
0011355	0200042
0012740	0200043
0001608	0200046
0000377	0200047
0030448	0200058
0005268	0200067
0000572	0200068
0002093	0200073
0012261	0200073
0001948	0200114
0004341	0200118
0003287	0200125
0001298	0200134
0001679	0200146
0012180	0200146
0002910	0200148
0012202	0200150
0000306	0400000
0000306	0400001
0000356	0400002
0008772	0400003
0000377	0400004
0000377	0400005
0011842	0410007
0000707	0410008
0410008	0410009
0410009	0410010
0000153	0410012
0000271	0410013
0000707	0410014
0410014	0410015
0410014	0410016
0000600	0430015
0003011	0430015
0005344	0430021
3000042	0430024
0000309	0430026
0001999	0430026
0011390	3000002
0000290	3000004
0040172	3000004
0000356	3000022
0410007	3000022
0005344	3000024
0410016	3000025
0000315	3000030
0000606	3000030
0000929	3000030
0410010	3000035
0000234	3000036
0002597	3000036
0000464	3000037
0002597	3000037
0001600	3000038
0410007	3000038
0005344	3000041
0002624	3000042
3000037	3000042
0002624	3000043
3000036	3000043
3000037	3000043
0011006	3000046
0000234	3000047
0001291	3000047
0045010	3000047
0000234	3000048
0001291	3000048
0045010	3000048
0002597	3000049
0000924	3000050
0003549	3000050
0011842	3000052
0000600	3000053
0000153	3000054
3000036	3000054
0000234	3000055
0001291	3000055
0045010	3000055
0002624	3000059
0002597	3000060
0000234	3000061
0001291	3000061
0045010	3000061
0005344	3000062
3000036	3000062
3000042	3000063
0005344	3000065
3000036	3000065
0000464	3000067
0001600	3000067
0003011	3000067
0000234	3000075
0001291	3000075
0045010	3000075
0011842	3000079
