parent	child
0000008	0000078
0000009	0000014
0000010	0002719
0000010	0011277
0000014	0000079
0000015	0000014
0000022	0000078
0000023	0004299
0000025	0000078
0000026	0000025
0000026	0000135
0000035	0000078
0000035	0000811
0000036	0000078
0000036	0000811
0000037	0000078
0000037	0000811
0000042	0000811
0000044	0000135
0000045	0000078
0000045	0000811
0000055	0000078
0000055	0000811
0000062	0000811
0000069	0010935
0000077	0010935
0000078	0000119
0000079	0000119
0000098	0000002
0000130	0000008
0000133	0000078
0000135	0000078
0000135	0000818
0000137	0000008
0000140	0000008
0000140	0000858
0000142	0000008
0000144	0000078
0000150	0000078
0000150	0010785
0000153	0000271
0000154	0000153
0000157	0000163
0000159	0000153
0000160	0000153
0000163	0000153
0000164	0000163
0000174	0000163
0000177	0000159
0000178	0000159
0000190	0000163
0000194	0011338
0000201	0000153
0000202	0000153
0000205	0011338
0000207	0011338
0000211	0000277
0000217	0000163
0000233	0000159
0000235	0000929
0000242	0002648
0000243	0002648
0000246	0000929
0000246	0010978
0000248	0002648
0000256	0000929
0000262	0002648
0000264	0000929
0000267	0002648
0000268	0002648
0000269	0002648
0000270	0000235
0000272	0012369
0000273	0005324
0000274	0001999
0000275	0000274
0000276	0100729
0000277	0000929
0000278	0000277
0000280	0001999
0000282	0000271
0000282	0000969
0000283	0100729
0000286	0000492
0000290	0000271
0000292	0000271
0000292	0008887
0000292	0009124
0000293	0000309
0000294	0000290
0000294	0009553
0000295	0001999
0000297	0000271
0000297	0001252
0000297	0003011
0000298	0005346
0000300	0001999
0000303	0000271
0000303	0000277
0000307	0000271
0000309	0000271
0000311	0001999
0000315	0000271
0000316	0000315
0000316	0000478
0000317	0000271
0000317	0002411
0000317	0003011
0000320	0001999
0000321	0001999
0000324	0001999
0000325	0001999
0000326	0000929
0000327	0000326
0000331	0000271
0000336	0000271
0000337	0000290
0000338	0000271
0000338	0003011
0000338	0005346
0000340	0000290
0000341	0000290
0000348	0000290
0000350	0000290
0000356	0000598
0000358	0000356
0000359	0000598
0000360	0000364
0000363	0000377
0000364	0000598
0000365	0000364
0000366	0000271
0000368	0000358
0000368	0000369
0000369	0000356
0000370	0000598
0000372	0000356
0000375	0000359
0000376	0000375
0000377	0000356
0000378	0000377
0000383	0000309
0000384	0000383
0000384	0010609
0000388	0000370
0000388	0010978
0000389	0000388
0000394	0000377
0000400	0000377
0000402	0000372
0000403	0000388
0000403	0002719
0000405	0000365
0000405	0000370
0000407	0000359
0000407	0000365
0000411	0000377
0000413	0000372
0000414	0000366
0000414	0005105
0000418	0000366
0000421	0000366
0000421	0001892
0000426	0000366
0000431	0000366
0000437	0000366
0000444	0000366
0000445	0005105
0000446	0000366
0000447	0005105
0000448	0005105
0000451	0000366
0000452	0000366
0000453	0000366
0000454	0000366
0000456	0000366
0000457	0000366
0000458	0004408
0000460	0005105
0000463	0000366
0000463	0005105
0000463	0005288
0000465	0000464
0000466	0000464
0000467	0000464
0000467	0001324
0000467	0003011
0000468	0000464
0000468	0009126
0000470	0000464
0000470	0003319
0000471	0002597
0000471	0012718
0000472	0000464
0000474	0000464
0000474	0001197
0000475	0000464
0000476	0000464
0000479	0000478
0000480	0000479
0000480	0000589
0000481	0000478
0000482	0001120
0000483	0000481
0000483	0000539
0000484	0000483
0000485	0001120
0000486	0000496
0000488	0000479
0000490	0000315
0000490	0000478
0000491	0000481
0000491	0100533
0000492	0000315
0000493	0001103
0000495	0200020
0000496	0000478
0000498	0000492
0000498	0100533
0000499	0000492
0000499	0001595
0000501	0000478
0000503	0000315
0000503	0000478
0000503	0002597
0000504	0000478
0000505	0000504
0000506	0000492
0000508	0000478
0000509	0000315
0000509	0000478
0000509	0002597
0000509	0100533
0000511	0000605
0000512	0000478
0000514	0000570
0000518	0000478
0000519	0000518
0000520	0000315
0000520	0000478
0000522	0000633
0000525	0000478
0000526	0008053
0000528	0000315
0000528	0000478
0000528	0008056
0000529	0000572
0000532	0000479
0000532	0000610
0000534	0000271
0000534	0000315
0000534	0001595
0000538	0012795
0000539	0000478
0000540	0000539
0000541	0000479
0000543	0012795
0000545	0000539
0000546	0000479
0000547	0000546
0000548	0000556
0000550	0000512
0000551	0000478
0000551	0000504
0000554	0000478
0000554	0100533
0000555	0000615
0000556	0000479
0000557	0001087
0000559	0007957
0000559	0100699
0000563	0000481
0000563	0100689
0000565	0000486
0000567	0000532
0000567	0000589
0000568	0000315
0000568	0000478
0000568	0008056
0000570	0000496
0000571	0000570
0000572	0000504
0000573	0000478
0000573	0000479
0000573	0011029
0000574	0000534
0000575	0001123
0000577	0000486
0000580	0007703
0000586	0000271
0000586	0000315
0000586	0000520
0000586	0000929
0000587	0000478
0000588	0000587
0000588	0000589
0000589	0000315
0000591	0000478
0000592	0000591
0000593	0000478
0000594	0000593
0000597	0000496
0000601	0000315
0000601	0000478
0000602	0000597
0000605	0000496
0000608	0001103
0000610	0000478
0000612	0000525
0000612	0000589
0000613	0000504
0000613	0000708
0000614	0000315
0000615	0000525
0000618	0000505
0000619	0000496
0000620	0000614
0000621	0000492
0000622	0000504
0000625	0000492
0000627	0000481
0000629	0000271
0000630	0002597
0000630	0008046
0000632	0000478
0000633	0000632
0000634	0000496
0000635	0008034
0000639	0000496
0000640	0000639
0000641	0000570
0000646	0007663
0000647	0007957
0000648	0012795
0000649	0000478
0000651	0000504
0000654	0008323
0000655	0000546
0000656	0000492
0000657	0000496
0000657	0002186
0000658	0000492
0000658	0002186
0000659	0007700
0000662	0000504
0000666	0000639
0000667	0000478
0000708	0000707
0000709	0000708
0000710	0000708
0000711	0000708
0000712	0000708
0000713	0000711
0000716	0000708
0000717	0000729
0000718	0006919
0000720	0000708
0000722	0000708
0000723	0000729
0000725	0000709
0000726	0001268
0000729	0000708
0000733	0100022
0000734	0000708
0000735	0000729
0000735	0012433
0000736	0000708
0000737	0000708
0000738	0000708
0000739	0000708
0000741	0000708
0000743	0100022
0000744	0000708
0000746	0000708
0000748	0000708
0000749	0000748
0000750	0000707
0000751	0000708
0000752	0100022
0000753	0000729
0000756	0000708
0000757	0000708
0000759	0012639
0000764	0000759
0000765	0000924
0000766	0000765
0000767	0000766
0000768	0000766
0000771	0000769
0000772	0000765
0000774	0005257
0000776	0003011
0000776	0100790
0000777	0000818
0000777	0100763
0000782	0000765
0000789	0000144
0000795	0000078
0000795	0000079
0000795	0000811
0000811	0000078
0000815	0000135
0000816	0001939
0000819	0000818
0000819	0001939
0000820	0000818
0000821	0002926
0000822	0011025
0000823	0000818
0000823	0001510
0000825	0000842
0000826	0100000
0000828	0000818
0000829	0000828
0000831	0000819
0000831	0000855
0000833	0001952
0000834	0000818
0000835	0000834
0000836	0002926
0000840	0000818
0000842	0001939
0000842	0003117
0000843	0000828
0000846	0000834
0000848	0000818
0000853	0000820
0000854	0100031
0000855	0001939
0000857	0000831
0000858	0000818
0000859	0002717
0000864	0000818
0000868	0000144
0000872	0002960
0000872	0100646
0000873	0000818
0000877	0000831
0000882	0000765
0000882	0000782
0000882	0000924
0000883	0000772
0000884	0000766
0000885	0000772
0000887	0000772
0000888	0000772
0000889	0000765
0000890	0000889
0000892	0000772
0000893	0000766
0000893	0000772
0000895	0000889
0000896	0000772
0000896	0100777
0000897	0000766
0000897	0000772
0000900	0000772
0000902	0000772
0000905	0000889
0000905	0002797
0000912	0000782
0000914	0100625
0000916	0000889
0000920	0000772
0000923	0000772
0000925	0000924
0000929	0000924
0000932	0002693
0000934	0001367
0000934	0003549
0000934	0010766
0000935	0003103
0000935	0011314
0000940	0011314
0000941	0000940
0000943	0000924
0000944	0002813
0000944	0011314
0000952	0001396
0000952	0011354
0000953	0001000
0000956	0011368
0000957	0000951
0000958	0000951
0000961	0002795
0000961	0011354
0000962	0011368
0000963	0008065
0000964	0011123
0000965	0011276
0000966	0007550
0000968	0011354
0000969	0001939
0000973	0000951
0000974	0000951
0000975	0007550
0000977	0000951
0000980	0000951
0000987	0011354
0000987	0100699
0000988	0011123
0000989	0000951
0000991	0000951
0000992	0011354
0000995	0001000
0000995	0003764
0000997	0001480
0000998	0011362
0001000	0000951
0001004	0000969
0001006	0011362
0001007	0011362
0001009	0011276
0001010	0001000
0001012	0002664
0001012	0009124
0001013	0000991
0001014	0011276
0001015	0002597
0001015	0011276
0001018	0001155
0001018	0007477
0001018	0011356
0001019	0011123
0001024	0010781
0001025	0011276
0001027	0000977
0001028	0100742
0001029	0000951
0001030	0011354
0001031	0001012
0001031	0008069
0001031	0009124
0001031	0011354
0001033	0011354
0001036	0011368
0001038	0011354
0001040	0001059
0001045	0001000
0001046	0000952
0001047	0011123
0001052	0000951
0001052	0003764
0001053	0000951
0001053	0001010
0001054	0003764
0001054	0010566
0001055	0011123
0001056	0000951
0001057	0008065
0001058	0011354
0001059	0001367
0001059	0011356
0001060	0001059
0001061	0011123
0001062	0003764
0001063	0000961
0001065	0004334
0001065	0100679
0001070	0001000
0001072	0000951
0001074	0003764
0001075	0000987
0001075	0004334
0001080	0001392
0001081	0005264
0001082	0005264
0001083	0000478
0001085	0012795
0001087	0000501
0001088	0008034
0001090	0000315
0001090	0000478
0001092	0000614
0001093	0000587
0001099	0000478
0001100	0008034
0001101	0000525
0001102	0000479
0001103	0000479
0001105	0000546
0001112	0000587
0001114	0000492
0001114	0000991
0001114	0200036
0001115	0010696
0001117	0007663
0001118	0000518
0001119	0000481
0001119	0100689
0001120	0000481
0001123	0000504
0001125	0000622
0001126	0000492
0001129	0001123
0001131	0000481
0001132	0001083
0001133	0001123
0001134	0010696
0001135	0000532
0001135	0000556
0001138	0000587
0001139	0000610
0001140	0000315
0001140	0000481
0001140	0000591
0001141	0000505
0001144	0000271
0001147	0000479
0001149	0001131
0001151	0007772
0001152	0000496
0001155	0002817
0001156	0011927
0001159	0002813
0001161	0001155
0001161	0001167
0001161	0002817
0001161	0010442
0001163	0000924
0001163	0001155
0001163	0002817
0001167	0001155
0001167	0002813
0001169	0001155
0001171	0001155
0001171	0100257
0001172	0001167
0001176	0005922
0001178	0001155
0001188	0005922
0001191	0001155
0001191	0003019
0001195	0001197
0001195	0001626
0001196	0001197
0001211	0001167
0001217	0002813
0001225	0003019
0001226	0007460
0001226	0200042
0001231	0001597
0001238	0001167
0001245	0001155
0001245	0002817
0001245	0003011
0001248	0001155
0001248	0003026
0001249	0000707
0001250	0000707
0001252	0003011
0001254	0004372
0001256	0001249
0001257	0001276
0001259	0004372
0001260	0002167
0001262	0002360
0001262	0004372
0001263	0000707
0001265	0001315
0001266	0002072
0001268	0100543
0001269	0004374
0001270	0000707
0001276	0002493
0001276	0003011
0001278	0002270
0001278	0002615
0001279	0011025
0001281	0003011
0001283	0000707
0001283	0001324
0001284	0001315
0001287	0002011
0001287	0010978
0001288	0100022
0001289	0004372
0001290	0001252
0001291	0000759
0001298	0000707
0001300	0002071
0001304	0001332
0001312	0000707
0001312	0030177
0001315	0000707
0001319	0001252
0001324	0003011
0001325	0001259
0001326	0010850
0001328	0000707
0001332	0100022
0001335	0100022
0001336	0100022
0001337	0100022
0001340	0000707
0001340	0030177
0001344	0000750
0001344	0002167
0001345	0000709
0001347	0002493
0001348	0001347
0001350	0000707
0001357	0002648
0001361	0000639
0001362	0002648
0001363	0000235
0001363	0002648
0001367	0000924
0001369	0001367
0001370	0001369
0001371	0003549
0001371	0011729
0001371	0011805
0001371	0100261
0001373	0001367
0001376	0011729
0001382	0011729
0001384	0001367
0001384	0003272
0001384	0100491
0001385	0003272
0001386	0000969
0001386	0001367
0001388	0011729
0001394	0001392
0001395	0001392
0001396	0001392
0001397	0001392
0001399	0001410
0001402	0002896
0001403	0001397
0001405	0001395
0001406	0001396
0001407	0006706
0001408	0012440
0001409	0000822
0001409	0001392
0001409	0002597
0001413	0001394
0001414	0001397
0001419	0001417
0001423	0001417
0001433	0001392
0001433	0001743
0001442	0001428
0001449	0000924
0001449	0001760
0001449	0001832
0001449	0002814
0001452	0000006
0001452	0001466
0001470	0000006
0001473	0000924
0001473	0001760
0001473	0001832
0001473	0002797
0001473	0002814
0001477	0000496
0001480	0001000
0001482	0200036
0001488	0000508
0001491	0000315
0001491	0003011
0001493	0008052
0001500	0001167
0001504	0000924
0001504	0001163
0001504	0002797
0001504	0002817
0001508	0004325
0001511	0001510
0001513	0004324
0001518	0004325
0001519	0000098
0001520	0004324
0001525	0001508
0001528	0100555
0001530	0008897
0001531	0001508
0001533	0000098
0001533	0004325
0001537	0004298
0001537	0004299
0001538	0003270
0001539	0004299
0001540	0003011
0001540	0004298
0001543	0010866
0001548	0000098
0001548	0000256
0001552	0100625
0001555	0000765
0001557	0001197
0001558	0001557
0001561	0001197
0001562	0001197
0001563	0001197
0001580	0000834
0001581	0011123
0001582	0000973
0001583	0000639
0001591	0000765
0001596	0011362
0001598	0002164
0001600	0012252
0001601	0001600
0001602	0001600
0001607	0001600
0001609	0001608
0001611	0001608
0001612	0001608
0001615	0001609
0001618	0001608
0001618	0002167
0001620	0001608
0001621	0001608
0001622	0001197
0001623	0001197
0001627	0030680
0001635	0011025
0001636	0001710
0001637	0001627
0001640	0001627
0001643	0030680
0001649	0011675
0001651	0001627
0001654	0001627
0001657	0003115
0001660	0030680
0001662	0011675
0001669	0001627
0001669	0030680
0001671	0001627
0001679	0002597
0001680	0001679
0001686	0001608
0001694	0011025
0001695	0011675
0001697	0001627
0001708	0011025
0001710	0030680
0001713	0001627
0001717	0002597
0001717	0004934
0001719	0001627
0001719	0001710
0001724	0001679
0001727	0001907
0001730	0000365
0001733	0001732
0001733	0010978
0001734	0012090
0001735	0001733
0001737	0012090
0001738	0012092
0001739	0000366
0001739	0000600
0001742	0000366
0001743	0100763
0001744	0001743
0001746	0001743
0001747	0001743
0001748	0001743
0001751	0000359
0001756	0001751
0001760	0002814
0001761	0001760
0001763	0001760
0001765	0001780
0001769	0001760
0001770	0001159
0001770	0001780
0001773	0000924
0001773	0001760
0001773	0002813
0001773	0002814
0001773	0009815
0001780	0001760
0001780	0002813
0001783	0001832
0001786	0001760
0001788	0001197
0001789	0000969
0001789	0001197
0001790	0001789
0001792	0008386
0001795	0002164
0001798	0008386
0001799	0008386
0001800	0001792
0001800	0010624
0001802	0001798
0001802	0010624
0001803	0002164
0001804	0001231
0001804	0001792
0001805	0001597
0001806	0001597
0001807	0002164
0001808	0001597
0001810	0008388
0001810	0008404
0001812	0001795
0001814	0002164
0001816	0001597
0001817	0001798
0001818	0100803
0001820	0100643
0001821	0002164
0001822	0001780
0001824	0004325
0001829	0000924
0001829	0001760
0001829	0001780
0001829	0002814
0001829	0010442
0001832	0000924
0001832	0001760
0001832	0002814
0001833	0001760
0001837	0001780
0001838	0001850
0001839	0001760
0001839	0100257
0001840	0001832
0001845	0001780
0001850	0000924
0001850	0001760
0001850	0002814
0001852	0001780
0001853	0000924
0001853	0001760
0001853	0002814
0001863	0001780
0001863	0030084
0001869	0100872
0001873	0001872
0001874	0001881
0001876	0012145
0001877	0005561
0001878	0001903
0001879	0001881
0001881	0010987
0001883	0005656
0001886	0001760
0001886	0002754
0001894	0001872
0001896	0004312
0001899	0001901
0001900	0001901
0001901	0001877
0001902	0011877
0001903	0001877
0001907	0001977
0001909	0001881
0001909	0004377
0001913	0001881
0001915	0001876
0001923	0004312
0001927	0004447
0001929	0003256
0001933	0001892
0001933	0011276
0001934	0001892
0001941	0001939
0001942	0001941
0001943	0001939
0001944	0001939
0001945	0004370
0001946	0001939
0001949	0001939
0001951	0001939
0001952	0001939
0001953	0000819
0001953	0001993
0001954	0001945
0001956	0001513
0001958	0001943
0001959	0000708
0001960	0001949
0001960	0200114
0001962	0011675
0001963	0000364
0001964	0000924
0001964	0001760
0001964	0001832
0001964	0002813
0001964	0002814
0001964	0009815
0001971	0001743
0001973	0001873
0001973	0002960
0001976	0003256
0001980	0012145
0001981	0004447
0001985	0001943
0001986	0001944
0001987	0001939
0001988	0001943
0001989	0001558
0001991	0000924
0001991	0001760
0001991	0001780
0001991	0002813
0001991	0002814
0001991	0009815
0001993	0001941
0001993	0001946
0001996	0001941
0001996	0001942
0001997	0001369
0001997	0002149
0001998	0001943
0001999	0000271
0002000	0009929
0002003	0000290
0002006	0000271
0002007	0000290
0002007	0002648
0002011	0012639
0002013	0002017
0002014	0011458
0002015	0000707
0002015	0012719
0002017	0011458
0002018	0002017
0002019	0011458
0002020	0002577
0002020	0012719
0002021	0002577
0002024	0002242
0002027	0011458
0002027	0012531
0002028	0002014
0002031	0012718
0002032	0002031
0002032	0002589
0002033	0008872
0002036	0002577
0002036	0100790
0002039	0011458
0002040	0002031
0002041	0002014
0002044	0007378
0002045	0004370
0002046	0004370
0002047	0004370
0002057	0000290
0002058	0005346
0002062	0002011
0002063	0000707
0002067	0002071
0002069	0002197
0002071	0000707
0002072	0100022
0002076	0002315
0002077	0002076
0002084	0000929
0002084	0002011
0002088	0012252
0002091	0002795
0002092	0002597
0002092	0002795
0002092	0011025
0002093	0002795
0002094	0002795
0002097	0002088
0002098	0002094
0002099	0002795
0002099	0100326
0002101	0002088
0002103	0002088
0002104	0002793
0002105	0002088
0002107	0002088
0002109	0005607
0002111	0002091
0002111	0002093
0002111	0002795
0002113	0002088
0002121	0001250
0002121	0002197
0002123	0002197
0002127	0002450
0002133	0001250
0002136	0001288
0002141	0001288
0002143	0002011
0002148	0001939
0002149	0001939
0002151	0001941
0002152	0001939
0002153	0001939
0002154	0004337
0002154	0100508
0002155	0003077
0002160	0004337
0002162	0000464
0002162	0009553
0002164	0001597
0002167	0000707
0002168	0002167
0002169	0001347
0002169	0100022
0002171	0002011
0002172	0100022
0002173	0001250
0002173	0001943
0002180	0002011
0002183	0000708
0002186	0000707
0002187	0001249
0002189	0002360
0002189	0004372
0002193	0000708
0002193	0002200
0002194	0001270
0002197	0001250
0002199	0001250
0002199	0002901
0002200	0000707
0002203	0001324
0002203	0002795
0002203	0003470
0002206	0002088
0002208	0010719
0002209	0001595
0002209	0001965
0002209	0008070
0002212	0010719
0002213	0010719
0002215	0008070
0002215	0009888
0002216	0007495
0002216	0009887
0002217	0011363
0002219	0000998
0002221	0009888
0002221	0011362
0002224	0010719
0002225	0008070
0002225	0009888
0002226	0000534
0002226	0009887
0002229	0001596
0002229	0010720
0002230	0001007
0002231	0008070
0002232	0001596
0002234	0010720
0002236	0010721
0002239	0011029
0002239	0012719
0002240	0001392
0002242	0012718
0002244	0002242
0002250	0002242
0002254	0002014
0002257	0012384
0002266	0007359
0002267	0002071
0002268	0001332
0002269	0002011
0002270	0000707
0002271	0002270
0002273	0002493
0002275	0000707
0002289	0001596
0002292	0010720
0002293	0001595
0002293	0001596
0002293	0001965
0002297	0009887
0002299	0010719
0002300	0000708
0002300	0002167
0002301	0004374
0002304	0100022
0002305	0100022
0002310	0100660
0002311	0000707
0002312	0002311
0002315	0000707
0002317	0001288
0002321	0001751
0002322	0001337
0002329	0004372
0002331	0002315
0002333	0001268
0002342	0001249
0002344	0001268
0002345	0001337
0002346	0001337
0002349	0007359
0002353	0000707
0002354	0100543
0002355	0001288
0002355	0003011
0002357	0002167
0002359	0002311
0002359	0003011
0002360	0000708
0002361	0001268
0002362	0001288
0002366	0000759
0002366	0002450
0002367	0000738
0002370	0002311
0002371	0002167
0002372	0002353
0002373	0001250
0002375	0100022
0002376	0000707
0002378	0001337
0002380	0100022
0002381	0002167
0002383	0002011
0002384	0001250
0002384	0007359
0002385	0002493
0002392	0010850
0002395	0001347
0002396	0002063
0002398	0000759
0002398	0002011
0002398	0002450
0002411	0100022
0002421	0001324
0002425	0002167
0002427	0002381
0002442	0001328
0002445	0002493
0002446	0002011
0002448	0001298
0002450	0012639
0002451	0001332
0002459	0002270
0002460	0001324
0002463	0000707
0002465	0002167
0002474	0000750
0002480	0001298
0002483	0000707
0002486	0003011
0002487	0100022
0002493	0000707
0002494	0002360
0002509	0001276
0002509	0003011
0002511	0002011
0002515	0001288
0002516	0000707
0002521	0002353
0002522	0001284
0002522	0002814
0002524	0000707
0002527	0001288
0002529	0002011
0002540	0001288
0002546	0002167
0002548	0001300
0002550	0011362
0002552	0001595
0002553	0000534
0002555	0009888
0002555	0011362
0002557	0006709
0002558	0000769
0002561	0006709
0002566	0002242
0002571	0002579
0002571	0012719
0002572	0002013
0002574	0002027
0002576	0002242
0002577	0012718
0002578	0002577
0002578	0003011
0002579	0012719
0002580	0002242
0002586	0002585
0002586	0010978
0002589	0012718
0002591	0100738
0002594	0100800
0002597	0001626
0002600	0001265
0002600	0002814
0002611	0001396
0002612	0001395
0002613	0012440
0002615	0011025
0002617	0002597
0002619	0005293
0002621	0002634
0002623	0001679
0002625	0004936
0002633	0002597
0002634	0002597
0002636	0002597
0002636	0002617
0002639	0002597
0002640	0000822
0002643	0002093
0002644	0000924
0002645	0000235
0002647	0001679
0002648	0000929
0002650	0000925
0002651	0002652
0002652	0000924
0002653	0000924
0002653	0012531
0002654	0002652
0002655	0002652
0002656	0002652
0002656	0005930
0002657	0002652
0002659	0000924
0002665	0004377
0002669	0010622
0002669	0100242
0002671	0008069
0002672	0007378
0002673	0003367
0002676	0002648
0002678	0002648
0002679	0000929
0002681	0002679
0002684	0000929
0002686	0001197
0002687	0000929
0002688	0000924
0002688	0000929
0002688	0002687
0002689	0005453
0002690	0002679
0002691	0002648
0002692	0000929
0002693	0000929
0002695	0002648
0002697	0002648
0002699	0000929
0002700	0002699
0002703	0000929
0002714	0011338
0002716	0002733
0002717	0000834
0002718	0002719
0002719	0010978
0002721	0010978
0002722	0002719
0002725	0002960
0002732	0002733
0002733	0100763
0002737	0002693
0002738	0000924
0002738	0000929
0002738	0002687
0002747	0001324
0002747	0002093
0002747	0002795
0002750	0000924
0002751	0002650
0002751	0002808
0002752	0100671
0002753	0003103
0002754	0000924
0002754	0010978
0002755	0002721
0002755	0002754
0002756	0002659
0002757	0002659
0002758	0001367
0002762	0100777
0002766	0000924
0002766	0000925
0002778	0005607
0002781	0012252
0002789	0002793
0002791	0002793
0002792	0002795
0002793	0002795
0002795	0002086
0002797	0003330
0002805	0005616
0002808	0000925
0002810	0000944
0002812	0003367
0002813	0000924
0002815	0100491
0002818	0000924
0002818	0002817
0002818	0002973
0002823	0000924
0002823	0002814
0002825	0008519
0002826	0002644
0002829	0012531
0002831	0008519
0002832	0010766
0002835	0002795
0002836	0000014
0002836	0004298
0002841	0002719
0002859	0002664
0002859	0003011
0002859	0100242
0002860	0008069
0002861	0002664
0002863	0004377
0002867	0003272
0002875	0002094
0002878	0002093
0002883	0002793
0002884	0002664
0002884	0002896
0002890	0100031
0002894	0001732
0002894	0002664
0002896	0001392
0002896	0007378
0002897	0000818
0002897	0000828
0002897	0002664
0002900	0001939
0002901	0001939
0002902	0001939
0002904	0001939
0002905	0001939
0002908	0002904
0002910	0001392
0002912	0001939
0002912	0001941
0002912	0004341
0002916	0001939
0002917	0001939
0002918	0001939
0002920	0011043
0002921	0002011
0002926	0000820
0002928	0003287
0002930	0002926
0002933	0004299
0002938	0003307
0002942	0002808
0002942	0100711
0002943	0002650
0002943	0100711
0002944	0002650
0002945	0005108
0002953	0003468
0002958	0010978
0002960	0010978
0002967	0009811
0002973	0002817
0002977	0002011
0002983	0009826
0002990	0006492
0002991	0000924
0002991	0002814
0002992	0000924
0002992	0002814
0002997	0000924
0002997	0002817
0002997	0002973
0003002	0100013
0003005	0000759
0003005	0004375
0003010	0001892
0003016	0000944
0003019	0001367
0003019	0002817
0003020	0003019
0003021	0000944
0003023	0002659
0003025	0000944
0003026	0011314
0003027	0009826
0003028	0100491
0003037	0001367
0003038	0000924
0003038	0002813
0003038	0002814
0003038	0003026
0003038	0006492
0003040	0001367
0003042	0001373
0003042	0009811
0003043	0000765
0003043	0000924
0003049	0003019
0003057	0009815
0003063	0000924
0003063	0002817
0003067	0003019
0003071	0005930
0003072	0001939
0003073	0001939
0003074	0001939
0003075	0001939
0003077	0003119
0003079	0001939
0003084	0002757
0003084	0011314
0003085	0000924
0003085	0002813
0003085	0002814
0003085	0002991
0003085	0011314
0003088	0002758
0003095	0001369
0003097	0000924
0003097	0002813
0003097	0002814
0003097	0003026
0003097	0005613
0003099	0000924
0003099	0002813
0003099	0002814
0003099	0002991
0003099	0011314
0003100	0011314
0003102	0009811
0003103	0003330
0003107	0003119
0003110	0001939
0003110	0011277
0003113	0001939
0003115	0011025
0003116	0011025
0003117	0000818
0003118	0002717
0003118	0003117
0003119	0001939
0003124	0003107
0003125	0003256
0003128	0001941
0003130	0000759
0003130	0012447
0003134	0000759
0003134	0030177
0003146	0003107
0003152	0003117
0003154	0011043
0003155	0004379
0003160	0001939
0003162	0003117
0003163	0010472
0003165	0003117
0003165	0100530
0003172	0003272
0003175	0003272
0003186	0000769
0003187	0010311
0003189	0005105
0003191	0000366
0003196	0005105
0003198	0011805
0003199	0011805
0003200	0004303
0003201	0011805
0003202	0011805
0003208	0001939
0003217	0004337
0003217	0010903
0003218	0001939
0003218	0001941
0003220	0001939
0003221	0003220
0003223	0004341
0003225	0003256
0003228	0001939
0003234	0003287
0003234	0004359
0003235	0004337
0003236	0001939
0003241	0000811
0003249	0000078
0003252	0000078
0003256	0001928
0003258	0001939
0003259	0001939
0003260	0004337
0003265	0002904
0003270	0011458
0003272	0002644
0003275	0002644
0003276	0002644
0003276	0100777
0003278	0002644
0003279	0003272
0003281	0011031
0003282	0004379
0003287	0012103
0003292	0004361
0003302	0000925
0003304	0000925
0003306	0000925
0003307	0000925
0003310	0000925
0003311	0000924
0003311	0000925
0003311	0003310
0003312	0003468
0003319	0000925
0003320	0003319
0003323	0001324
0003324	0001324
0003325	0001324
0003325	0003011
0003326	0012531
0003327	0001324
0003329	0001595
0003330	0000924
0003336	0011849
0003337	0003256
0003338	0001627
0003343	0001939
0003348	0004337
0003351	0040084
0003353	0004337
0003365	0003272
0003367	0002823
0003375	0002644
0003376	0001288
0003382	0000759
0003388	0000707
0003388	0003011
0003391	0003701
0003394	0003011
0003403	0100285
0003405	0000759
0003413	0000925
0003414	0003413
0003416	0000925
0003418	0000925
0003418	0012531
0003419	0003418
0003422	0003468
0003436	0012535
0003440	0005107
0003444	0003445
0003445	0003457
0003452	0011031
0003457	0003011
0003458	0003198
0003458	0003457
0003461	0001939
0003462	0003107
0003465	0003107
0003467	0003413
0003468	0000925
0003470	0000707
0003472	0000707
0003472	0002901
0003473	0001324
0003473	0012535
0003482	0003457
0003484	0003690
0003487	0007256
0003492	0000818
0003498	0004322
0003502	0003508
0003508	0004322
0003510	0003508
0003521	0000924
0003521	0003498
0003524	0004337
0003526	0001939
0003527	0004359
0003528	0100530
0003533	0001939
0003534	0001939
0003537	0001939
0003540	0030402
0003542	0001939
0003546	0003011
0003547	0002817
0003547	0003011
0003547	0003325
0003550	0001004
0003551	0003011
0003552	0003011
0003555	0004303
0003558	0003201
0003560	0011805
0003562	0000944
0003564	0003220
0003565	0001939
0003568	0001939
0003572	0004337
0003573	0002904
0003577	0003674
0003581	0003674
0003584	0003581
0003593	0003674
0003596	0003581
0003621	0003674
0003623	0003674
0003634	0011805
0003635	0008887
0003642	0003160
0003643	0004337
0003645	0001928
0003683	0000366
0003687	0004303
0003690	0001324
0003690	0003011
0003691	0000782
0003691	0002817
0003691	0003011
0003693	0003202
0003694	0003701
0003697	0003202
0003698	0003011
0003700	0003202
0003701	0001324
0003707	0002814
0003707	0003011
0003710	0003394
0003712	0011805
0003713	0004303
0003715	0003198
0003719	0010548
0003720	0003712
0003722	0000467
0003724	0003011
0003724	0003202
0003730	0002486
0003736	0004303
0003737	0003011
0003738	0003326
0003739	0001336
0003740	0002486
0003741	0003560
0003744	0003743
0003749	0003011
0003749	0003325
0003750	0003011
0003752	0010547
0003758	0009124
0003758	0011354
0003759	0002597
0003759	0100763
0003761	0011805
0003763	0002360
0003764	0000951
0003765	0011123
0003768	0003470
0003777	0001595
0003781	0000163
0003782	0004325
0003783	0002814
0003789	0003198
0003791	0004303
0003799	0002750
0003803	0004303
0003805	0004303
0003810	0002460
0003828	0003812
0003829	0003812
0003831	0003829
0003834	0001373
0003834	0003043
0003859	0000940
0003859	0002813
0003859	0002817
0003886	0000924
0003886	0002813
0003886	0002817
0003886	0003063
0003886	0005622
0003918	0000944
0003918	0002817
0003918	0003063
0003930	0000940
0003930	0002813
0003930	0002817
0003930	0003063
0003943	0009811
0003977	0000924
0003977	0002813
0003977	0002817
0003977	0002818
0003977	0002973
0003977	0011314
0003988	0002997
0003992	0000924
0003992	0002813
0003992	0002817
0003992	0002973
0003992	0002997
0003992	0003100
0003993	0000924
0003993	0002813
0003993	0002817
0003993	0002973
0003993	0002997
0003993	0005622
0003993	0011314
0003997	0002818
0004015	0000944
0004015	0002817
0004015	0002818
0004039	0000944
0004039	0002817
0004039	0002997
0004050	0001155
0004050	0002813
0004050	0002817
0004050	0009815
0004057	0005922
0004097	0001155
0004097	0001167
0004099	0002813
0004122	0005105
0004132	0000366
0004268	0001167
0004268	0002758
0004279	0001155
0004279	0002813
0004279	0002817
0004279	0009815
0004283	0001155
0004295	0002577
0004299	0010866
0004299	0100790
0004303	0011805
0004306	0001627
0004308	0011675
0004311	0001881
0004311	0005561
0004312	0001877
0004322	0000002
0004322	0001510
0004326	0001824
0004327	0000478
0004331	0002703
0004331	0011849
0004332	0001881
0004334	0008065
0004337	0001939
0004341	0100508
0004343	0003119
0004345	0004343
0004348	0003330
0004349	0004348
0004357	0004337
0004359	0003119
0004361	0003117
0004362	0002242
0004362	0002270
0004367	0001939
0004370	0001939
0004372	0000707
0004373	0001332
0004374	0002493
0004375	0002664
0004375	0012639
0004377	0002664
0004378	0012732
0004379	0001939
0004383	0001627
0004385	0002014
0004386	0010978
0004386	0012719
0004389	0002242
0004389	0002579
0004390	0002242
0004390	0007378
0004390	0010566
0004395	0011458
0004396	0011458
0004398	0012719
0004399	0002577
0004405	0000769
0004406	0000421
0004408	0000366
0004408	0000707
0004409	0004408
0004411	0000366
0004417	0002597
0004417	0011025
0004418	0004936
0004419	0004418
0004420	0001977
0004422	0002648
0004425	0000290
0004428	0001999
0004429	0002719
0004431	0005339
0004437	0000929
0004437	0100774
0004439	0000271
0004439	0000929
0004444	0004447
0004445	0004447
0004446	0004447
0004447	0001877
0004450	0000383
0004452	0008609
0004454	0000370
0004458	0011384
0004463	0006958
0004470	0000929
0004482	0000256
0004488	0000256
0004490	0004437
0004493	0000271
0004493	0000929
0004493	0004437
0004502	0000453
0004510	0006476
0004524	0010720
0004527	0009887
0004532	0000998
0004535	0000998
0004540	0000998
0004554	0000998
0004637	0003319
0004639	0006254
0004676	0000336
0004688	0001850
0004690	0005109
0004779	0002299
0004782	0001006
0004791	0002031
0004796	0012719
0004798	0002719
0004798	0012719
0004823	0004447
0004828	0002863
0004841	0003256
0004846	0001892
0004850	0002625
0004859	0001873
0004878	0000765
0004878	0001324
0004878	0002093
0004886	0010307
0004887	0002093
0004900	0003128
0004904	0000819
0004905	0008372
0004906	0001986
0004915	0001939
0004918	0001941
0004919	0004915
0004923	0004337
0004924	0001952
0004925	0001941
0004925	0003128
0004930	0002088
0004930	0002597
0004934	0002597
0004934	0010766
0004934	0030680
0004936	0001977
0004947	0100026
0004950	0100545
0004955	0005116
0004963	0001679
0004963	0002597
0004963	0004934
0004975	0002823
0004979	0000944
0004980	0000944
0004993	0000940
0004993	0003100
0005008	0001373
0005010	0002754
0005019	0000940
0005054	0000944
0005059	0001369
0005059	0002829
0005089	0000944
0005101	0000365
0005103	0000356
0005103	0000377
0005103	0000924
0005103	0100593
0005105	0000366
0005107	0000925
0005108	0000925
0005109	0001760
0005109	0100261
0005115	0011675
0005116	0002597
0005117	0000822
0005135	0003115
0005150	0011675
0005162	0011025
0005165	0003115
0005168	0001627
0005177	0002634
0005194	0001832
0005199	0010318
0005200	0002585
0005203	0002031
0005213	0010766
0005213	0012090
0005214	0002242
0005214	0004796
0005216	0002015
0005220	0000759
0005220	0002242
0005220	0004375
0005220	0007378
0005220	0008069
0005220	0010614
0005222	0002242
0005225	0000969
0005225	0002242
0005230	0012440
0005233	0011466
0005244	0012719
0005245	0002242
0005247	0010318
0005249	0004796
0005256	0003011
0005257	0000765
0005258	0002817
0005258	0003011
0005261	0001367
0005261	0011029
0005264	0001392
0005268	0001197
0005274	0000366
0005280	0000366
0005281	0000366
0005285	0000366
0005288	0000366
0005293	0002597
0005294	0002597
0005301	0005345
0005305	0004936
0005310	0002633
0005313	0002597
0005317	0002597
0005317	0002795
0005317	0011025
0005321	0004439
0005324	0005346
0005325	0000290
0005325	0009553
0005327	0005346
0005328	0007495
0005335	0005324
0005339	0010978
0005341	0002459
0005343	0000014
0005344	0002597
0005345	0002597
0005346	0000271
0005349	0001600
0005374	0002721
0005387	0002721
0005437	0002719
0005446	0000277
0005453	0000924
0005453	0000929
0005461	0001999
0005469	0002648
0005487	0000235
0005487	0000290
0005502	0001877
0005505	0001903
0005513	0012143
0005518	0001877
0005521	0001977
0005523	0004377
0005528	0012145
0005542	0001928
0005548	0012143
0005560	0011902
0005587	0001000
0005592	0001000
0005599	0009887
0005600	0000995
0005603	0000995
0005607	0012252
0005608	0005264
0005609	0005264
0005613	0000924
0005613	0002813
0005613	0002814
0005613	0002823
0005613	0009815
0005616	0000924
0005622	0011314
0005632	0002973
0005645	0005108
0005645	0010766
0005656	0001760
0005687	0000924
0005687	0002813
0005687	0002817
0005687	0003063
0005687	0011314
0005701	0000924
0005701	0010622
0005716	0002652
0005731	0003103
0005736	0000924
0005736	0002813
0005736	0002814
0005736	0003026
0005736	0005772
0005764	0003040
0005772	0000924
0005772	0002813
0005772	0002814
0005772	0002992
0005772	0009815
0005792	0003026
0005792	0006507
0005815	0000772
0005815	0000924
0005844	0001167
0005855	0002659
0005868	0000944
0005877	0003468
0005890	0004437
0005899	0000944
0005900	0001163
0005901	0002754
0005912	0012440
0005916	0000924
0005916	0001163
0005916	0002813
0005916	0002817
0005917	0001163
0005922	0001155
0005930	0011314
0005938	0012252
0005945	0001600
0005948	0002088
0005950	0001600
0005956	0001600
0005957	0002795
0005961	0004337
0005964	0002045
0005968	0004370
0005974	0001993
0005976	0001942
0005977	0001939
0005978	0000819
0005979	0001942
0005979	0001993
0005982	0004337
0005984	0006254
0005988	0000464
0005988	0003011
0005989	0000464
0005989	0001582
0005990	0008188
0005991	0000464
0005994	0000853
0006006	0001155
0006006	0002817
0006006	0003011
0006009	0002813
0006009	0005622
0006055	0009487
0006070	0001163
0006101	0001159
0006127	0001167
0006143	0001167
0006167	0001167
0006192	0001167
0006205	0001167
0006206	0001167
0006234	0000924
0006234	0001760
0006234	0001850
0006234	0002797
0006234	0002814
0006243	0001167
0006243	0001373
0006247	0001167
0006247	0003037
0006253	0001167
0006254	0001939
0006256	0001155
0006256	0011729
0006265	0001155
0006265	0001167
0006265	0002813
0006265	0002817
0006265	0009815
0006266	0012767
0006274	0006476
0006279	0006476
0006280	0001733
0006298	0001892
0006367	0011314
0006368	0002973
0006371	0000940
0006371	0002813
0006402	0009826
0006406	0002823
0006424	0000924
0006424	0002813
0006424	0002817
0006424	0002818
0006424	0011314
0006426	0005772
0006429	0003367
0006433	0000924
0006433	0002813
0006433	0002817
0006433	0002818
0006433	0003330
0006433	0011314
0006439	0001367
0006439	0002973
0006441	0003063
0006453	0002823
0006459	0002997
0006465	0003330
0006465	0011314
0006465	0040166
0006476	0012093
0006477	0000163
0006487	0000940
0006487	0002813
0006489	0000944
0006489	0002814
0006489	0002823
0006491	0000944
0006491	0002814
0006491	0002992
0006492	0000924
0006492	0002813
0006492	0002814
0006492	0002991
0006492	0009815
0006495	0000924
0006495	0002813
0006495	0002817
0006495	0002973
0006495	0002997
0006495	0009815
0006501	0000924
0006501	0002813
0006501	0002817
0006501	0002818
0006501	0002973
0006501	0009815
0006505	0002813
0006505	0005930
0006507	0002813
0006507	0002817
0006507	0003063
0006507	0009815
0006510	0006536
0006511	0001600
0006521	0002088
0006521	0100763
0006528	0002088
0006530	0002088
0006535	0002088
0006535	0011029
0006536	0002795
0006543	0002093
0006554	0001399
0006557	0006706
0006559	0001392
0006559	0010766
0006562	0012115
0006565	0001392
0006566	0002611
0006568	0001392
0006573	0001397
0006574	0001392
0006574	0002597
0006574	0100026
0006575	0001406
0006579	0000952
0006580	0001392
0006583	0001399
0006587	0000889
0006589	0000772
0006593	0000772
0006597	0003470
0006597	0009113
0006600	0000772
0006600	0100593
0006610	0000769
0006619	0000772
0006619	0010766
0006619	0011849
0006637	0000766
0006637	0010766
0006640	0000772
0006641	0000772
0006644	0000765
0006645	0000889
0006646	0000772
0006646	0011849
0006646	0100593
0006650	0000782
0006655	0000772
0006673	0001635
0006677	0003115
0006687	0001679
0006703	0002088
0006706	0001392
0006709	0000769
0006710	0000765
0006710	0000889
0006710	0000924
0006712	0000765
0006712	0000772
0006712	0000924
0006714	0000765
0006714	0000766
0006714	0000924
0006725	0002894
0006739	0002860
0006740	0009725
0006753	0002577
0006753	0007378
0006756	0002664
0006758	0000119
0006758	0002664
0006765	0010622
0006765	0100242
0006771	0002672
0006771	0100833
0006773	0001012
0006773	0008069
0006775	0004377
0006779	0002859
0006780	0000818
0006780	0000828
0006780	0002664
0006782	0004377
0006783	0000600
0006785	0003011
0006785	0003202
0006785	0003560
0006801	0001347
0006829	0001252
0006846	0001298
0006887	0001249
0006889	0001249
0006919	0000708
0006934	0000639
0006946	0002011
0006958	0000707
0006958	0030177
0006977	0002167
0006979	0002360
0007000	0001336
0007009	0002011
0007010	0002275
0007018	0000736
0007018	0000752
0007024	0001260
0007024	0001618
0007024	0002015
0007024	0002200
0007024	0003470
0007030	0001298
0007057	0002370
0007076	0002063
0007076	0002071
0007104	0000707
0007104	0030177
0007105	0001298
0007126	0003202
0007153	0002071
0007158	0007076
0007159	0004372
0007164	0001350
0007166	0100022
0007185	0004372
0007210	0003202
0007215	0003768
0007256	0002493
0007269	0003202
0007277	0002450
0007281	0000707
0007289	0002380
0007289	0010546
0007293	0005107
0007299	0002493
0007301	0002186
0007302	0000716
0007302	0100754
0007308	0002071
0007308	0100660
0007325	0001332
0007335	0001298
0007338	0000570
0007340	0003690
0007350	0001347
0007354	0002011
0007354	0002450
0007359	0001250
0007378	0002664
0007378	0011024
0007383	0008065
0007385	0001057
0007400	0000953
0007402	0000953
0007402	0001010
0007410	0000975
0007410	0001155
0007410	0011356
0007410	0100872
0007413	0001052
0007418	0001596
0007425	0000974
0007427	0001000
0007429	0000957
0007430	0000969
0007437	0008069
0007439	0011368
0007440	0000953
0007443	0001010
0007455	0007477
0007460	0001155
0007464	0008070
0007469	0001155
0007469	0007477
0007469	0011356
0007469	0100872
0007470	0001482
0007473	0011123
0007476	0000968
0007477	0011356
0007481	0000995
0007483	0001000
0007485	0008887
0007488	0004334
0007495	0011354
0007506	0007383
0007509	0000953
0007509	0001010
0007513	0001010
0007514	0000969
0007519	0008887
0007522	0000951
0007529	0000968
0007535	0001010
0007537	0000992
0007541	0008069
0007541	0012032
0007542	0001010
0007544	0001010
0007549	0011354
0007552	0009124
0007552	0011354
0007565	0000957
0007587	0001000
0007603	0000953
0007609	0000969
0007610	0001000
0007618	0010766
0007618	0011354
0007620	0008069
0007626	0000277
0007626	0002754
0007633	0000568
0007641	0000551
0007642	0000662
0007649	0007703
0007656	0000614
0007663	0000504
0007670	0001751
0007675	0000662
0007676	0008053
0007686	0000615
0007687	0000508
0007688	0008323
0007700	0000593
0007703	0000479
0007704	0000496
0007705	0000481
0007707	0008063
0007710	0004327
0007716	0002861
0007716	0100012
0007720	0000481
0007722	0007703
0007727	0007957
0007730	0008034
0007731	0000532
0007732	0000614
0007737	0007703
0007754	0000556
0007754	0001103
0007758	0000505
0007759	0000481
0007759	0007957
0007765	0000593
0007766	0000478
0007766	0000587
0007766	0008056
0007772	0000496
0007773	0004327
0007779	0000478
0007779	0008056
0007782	0000546
0007787	0010696
0007797	0008046
0007799	0000315
0007800	0000315
0007800	0000478
0007803	0000551
0007814	0007703
0007817	0000605
0007819	0000518
0007829	0000546
0007830	0000662
0007832	0000591
0007833	0000593
0007834	0000518
0007836	0001131
0007843	0008046
0007850	0008046
0007854	0001123
0007858	0000532
0007862	0000479
0007862	0010766
0007873	0000481
0007894	0007703
0007899	0000541
0007902	0000478
0007902	0004327
0007902	0011029
0007905	0000478
0007905	0000525
0007905	0002597
0007906	0000478
0007906	0000501
0007911	0001488
0007911	0007970
0007917	0000541
0007922	0000479
0007922	0012447
0007937	0000546
0007937	0007703
0007957	0000481
0007964	0007773
0007965	0000649
0007968	0004327
0007970	0000508
0007971	0010920
0007973	0000479
0007976	0010920
0007984	0000512
0007987	0001123
0007989	0001147
0008000	0000481
0008002	0001103
0008005	0001131
0008007	0001087
0008020	0000546
0008034	0000525
0008046	0000478
0008046	0000479
0008046	0002597
0008050	0000492
0008052	0000479
0008053	0000478
0008053	0000525
0008053	0008056
0008056	0000478
0008059	0000478
0008059	0000479
0008059	0001103
0008059	0008056
0008063	0000478
0008063	0008056
0008064	0011368
0008065	0000951
0008066	0000951
0008069	0000951
0008069	0002664
0008070	0011357
0008071	0002686
0008072	0002686
0008073	0002686
0008080	0001780
0008094	0001780
0008095	0000924
0008095	0001760
0008095	0001850
0008095	0002797
0008095	0002814
0008096	0001780
0008110	0001760
0008119	0001850
0008150	0002910
0008151	0003256
0008153	0003768
0008166	0001939
0008169	0003256
0008178	0000924
0008180	0003236
0008182	0000834
0008185	0000826
0008186	0000834
0008187	0000818
0008188	0000820
0008191	0008188
0008193	0000818
0008197	0000818
0008198	0000829
0008200	0000843
0008207	0000846
0008208	0000828
0008211	0000828
0008214	0000818
0008214	0003117
0008221	0000834
0008225	0008249
0008226	0000818
0008231	0008221
0008236	0000826
0008239	0000835
0008242	0000834
0008247	0002926
0008249	0000820
0008250	0003072
0008251	0000853
0008258	0008221
0008279	0003077
0008282	0002904
0008283	0000842
0008285	0002148
0008288	0002154
0008316	0003011
0008316	0003287
0008321	0003256
0008322	0012103
0008323	0000512
0008330	0003256
0008344	0004337
0008346	0001903
0008354	0008321
0008356	0003077
0008357	0003256
0008358	0004337
0008363	0000924
0008363	0001760
0008363	0001850
0008363	0002813
0008363	0002814
0008363	0009815
0008364	0001850
0008372	0100508
0008383	0001597
0008386	0001597
0008388	0001597
0008391	0001231
0008391	0008404
0008394	0002164
0008401	0001805
0008402	0001231
0008404	0001597
0008407	0001795
0008416	0000924
0008416	0003468
0008417	0000924
0008417	0000925
0008417	0003468
0008419	0005108
0008420	0003468
0008420	0010766
0008445	0003416
0008461	0000924
0008461	0000925
0008461	0003319
0008465	0000924
0008465	0000925
0008465	0003468
0008469	0003319
0008497	0004439
0008499	0000540
0008517	0000924
0008517	0000925
0008517	0005107
0008519	0000925
0008519	0002644
0008529	0004454
0008542	0000365
0008551	0000356
0008551	0000377
0008551	0000598
0008572	0000356
0008586	0000375
0008586	0008774
0008605	0000356
0008609	0000370
0008629	0000360
0008633	0000078
0008668	0000133
0008669	0000025
0008703	0000078
0008703	0010766
0008723	0000133
0008730	0000078
0008730	0000811
0008732	0002148
0008749	0001600
0008751	0001600
0008754	0001600
0008754	0010766
0008760	0006919
0008765	0000738
0008770	0000722
0008773	0000598
0008773	0008609
0008774	0000359
0008774	0000598
0008775	0000022
0008777	0001600
0008796	0003783
0008801	0000924
0008801	0002813
0008801	0002814
0008801	0002823
0008804	0002823
0008812	0002823
0008819	0003367
0008839	0009103
0008843	0002758
0008846	0001511
0008848	0003508
0008850	0008897
0008855	0008897
0008872	0011968
0008873	0003498
0008887	0009124
0008897	0001510
0008935	0001319
0008936	0001252
0008942	0003201
0008946	0003011
0008946	0003202
0008947	0001252
0008952	0002817
0008952	0003011
0008952	0009004
0008952	0011805
0008959	0002460
0008959	0002817
0008964	0003202
0008968	0002814
0008968	0003011
0008968	0003712
0008969	0002814
0008969	0003011
0008969	0003552
0008970	0003560
0008972	0003287
0008988	0003011
0008991	0003710
0008993	0009126
0008994	0002814
0008994	0003011
0008994	0003690
0008994	0003701
0009002	0008887
0009003	0009124
0009003	0009126
0009003	0011354
0009004	0011805
0009005	0001155
0009005	0002817
0009005	0003011
0009017	0008887
0009020	0003750
0009023	0001324
0009023	0003011
0009023	0004298
0009025	0003549
0009031	0002814
0009031	0003011
0009042	0003712
0009045	0003201
0009046	0003011
0009049	0002814
0009049	0003011
0009049	0003202
0009051	0004303
0009054	0002814
0009054	0002817
0009054	0003011
0009058	0004303
0009059	0009125
0009063	0002460
0009064	0009125
0009069	0003737
0009071	0003198
0009077	0030237
0009088	0001608
0009103	0002644
0009110	0003011
0009113	0001324
0009113	0003011
0009118	0000277
0009118	0000924
0009118	0000929
0009124	0003549
0009125	0009124
0009126	0009025
0009126	0009124
0009129	0002817
0009129	0003011
0009129	0003202
0009182	0001167
0009487	0001155
0009553	0001595
0009553	0001965
0009553	0010720
0009555	0000600
0009556	0000924
0009556	0002813
0009556	0002814
0009556	0005772
0009556	0009815
0009575	0001167
0009594	0000315
0009594	0000479
0009594	0010566
0009594	0100012
0009595	0000759
0009595	0004375
0009595	0008069
0009595	0010614
0009710	0001167
0009714	0000022
0009719	0001010
0009719	0012733
0009721	0100898
0009725	0010786
0009732	0000759
0009732	0004375
0009732	0008069
0009732	0010614
0009735	0000759
0009735	0004375
0009735	0008069
0009735	0010614
0009737	0000315
0009737	0000525
0009737	0010566
0009737	0100012
0009738	0000377
0009751	0005258
0009751	0011805
0009755	0000492
0009756	0001059
0009760	0001059
0009763	0000924
0009763	0012531
0009765	0009929
0009767	0001167
0009771	0000924
0009771	0001155
0009771	0001167
0009771	0002797
0009771	0002817
0009773	0001167
0009775	0001197
0009792	0002664
0009792	0010785
0009794	0000464
0009795	0009794
0009796	0009794
0009800	0000819
0009800	0002686
0009805	0001635
0009806	0000873
0009811	0001367
0009811	0002817
0009812	0002813
0009812	0002817
0009812	0009815
0009813	0002813
0009813	0002817
0009813	0009815
0009813	0009829
0009815	0000924
0009816	0000924
0009816	0002813
0009816	0002814
0009816	0009815
0009816	0009826
0009820	0000924
0009820	0001760
0009820	0002813
0009820	0002814
0009820	0009815
0009824	0002813
0009824	0002817
0009824	0009815
0009824	0009826
0009826	0009815
0009829	0009815
0009829	0011314
0009830	0000759
0009832	0001167
0009886	0001595
0009887	0001595
0009888	0001595
0009890	0000290
0009890	0009553
0009891	0000271
0009892	0000356
0009892	0000598
0009894	0000377
0009896	0000377
0009900	0000365
0009901	0000377
0009911	0000929
0009912	0000377
0009914	0000315
0009914	0000478
0009916	0000615
0009917	0000615
0009918	0000615
0009919	0000479
0009919	0002664
0009919	0100012
0009921	0000496
0009924	0005105
0009926	0000632
0009928	0000366
0009929	0000366
0009932	0005288
0009933	0005288
0009934	0005288
0009937	0001007
0009938	0000309
0010054	0001832
0010066	0001780
0010078	0001780
0010173	0000924
0010173	0001760
0010173	0001780
0010173	0002813
0010173	0002814
0010173	0009815
0010177	0000924
0010177	0001760
0010177	0001780
0010177	0002797
0010177	0002814
0010286	0000163
0010300	0001608
0010306	0000765
0010307	0002795
0010309	0000766
0010311	0000769
0010312	0000769
0010314	0000826
0010318	0003011
0010318	0004298
0010322	0001780
0010442	0002813
0010443	0000924
0010443	0002813
0010443	0002814
0010443	0002823
0010450	0002031
0010452	0001743
0010471	0001939
0010472	0001939
0010473	0010472
0010475	0004298
0010475	0012620
0010477	0000014
0010484	0002817
0010487	0001155
0010487	0002817
0010487	0003011
0010494	0000924
0010494	0002813
0010494	0002814
0010494	0009815
0010496	0002814
0010497	0002814
0010503	0002991
0010506	0007477
0010506	0100872
0010508	0001832
0010511	0001780
0010512	0000834
0010512	0010766
0010515	0000777
0010516	0000777
0010517	0000777
0010522	0001328
0010523	0002167
0010524	0000707
0010526	0002167
0010529	0000708
0010529	0002167
0010530	0001336
0010534	0002354
0010537	0000235
0010538	0002679
0010541	0001965
0010541	0011356
0010543	0000496
0010544	0000639
0010546	0100022
0010547	0001324
0010548	0002486
0010550	0002493
0010561	0000772
0010562	0000987
0010564	0001600
0010566	0002664
0010569	0003107
0010575	0002823
0010576	0002011
0010579	0005930
0010580	0005930
0010582	0005930
0010583	0005930
0010585	0005930
0010602	0004303
0010609	0000951
0010610	0001155
0010610	0011356
0010610	0100276
0010612	0100276
0010612	0100872
0010614	0002664
0010614	0100242
0010615	0010614
0010619	0010614
0010619	0100013
0010620	0012369
0010622	0000924
0010622	0002664
0010624	0008386
0010624	0008388
0010640	0000366
0010644	0010640
0010648	0000951
0010649	0000366
0010650	0000326
0010650	0002692
0010653	0002011
0010669	0000929
0010669	0002692
0010679	0003155
0010689	0010442
0010693	0010920
0010695	0010920
0010696	0000518
0010719	0001595
0010720	0001595
0010721	0010720
0010722	0000356
0010722	0000377
0010727	0000478
0010734	0003330
0010740	0000944
0010740	0004348
0010740	0010766
0010741	0000969
0010741	0002814
0010747	0000534
0010748	0000614
0010751	0000271
0010754	0000277
0010759	0000326
0010761	0009929
0010762	0010622
0010766	0000924
0010767	0005107
0010780	0000708
0010781	0000951
0010783	0011276
0010785	0000078
0010785	0000119
0010785	0002664
0010786	0000119
0010786	0002664
0010794	0001328
0010802	0000153
0010802	0001000
0010815	0010816
0010816	0003764
0010818	0002197
0010819	0002197
0010837	0001939
0010841	0002353
0010845	0011203
0010849	0010850
0010850	0002353
0010851	0002353
0010852	0002353
0010862	0001270
0010863	0000750
0010864	0001249
0010865	0000708
0010866	0004298
0010874	0000991
0010874	0100261
0010878	0000476
0010878	0010880
0010880	0000969
0010880	0001197
0010885	0000924
0010886	0040188
0010903	0004337
0010904	0004337
0010906	0010904
0010910	0004337
0010917	0004337
0010920	0000518
0010934	0001939
0010935	0000079
0010940	0000366
0010940	0000924
0010955	0000014
0010964	0004359
0010970	0001877
0010972	0001903
0010978	0002715
0010980	0003107
0010981	0003107
0010982	0001426
0010984	0001426
0010987	0002715
0010997	0003220
0011001	0004348
0011003	0000545
0011012	0001939
0011020	0011012
0011025	0001626
0011027	0000008
0011029	0001892
0011029	0011025
0011031	0001939
0011033	0001939
0011034	0001939
0011039	0000377
0011040	0012440
0011043	0003117
0011097	0001250
0011098	0002186
0011100	0002242
0011100	0002589
0011105	0011025
0011106	0011025
0011109	0000246
0011118	0010978
0011120	0000366
0011123	0000951
0011123	0010978
0011133	0001939
0011134	0001945
0011158	0007359
0011159	0007359
0011165	0007359
0011166	0007359
0011167	0007359
0011169	0002197
0011195	0002353
0011203	0002353
0011219	0000274
0011220	0000290
0011221	0000290
0011223	0000235
0011223	0000290
0011224	0000492
0011225	0000492
0011227	0001939
0011228	0000534
0011229	0000534
0011232	0000271
0011276	0002597
0011276	0011354
0011277	0000079
0011301	0000924
0011301	0001760
0011301	0002813
0011301	0002814
0011301	0009815
0011302	0001155
0011308	0001780
0011309	0001780
0011313	0002164
0011314	0000924
0011328	0000235
0011330	0000235
0011330	0000290
0011331	0000324
0011332	0000324
0011333	0000324
0011338	0000153
0011342	0001263
0011343	0001263
0011344	0001263
0011351	0010863
0011354	0000951
0011356	0000951
0011357	0001595
0011358	0005599
0011359	0010719
0011362	0001595
0011363	0001595
0011365	0005599
0011367	0100643
0011368	0001072
0011372	0008774
0011379	0000359
0011380	0000359
0011381	0011380
0011382	0011380
0011384	0000359
0011386	0011384
0011387	0000359
0011388	0000375
0011398	0000707
0011398	0003011
0011400	0002011
0011400	0012447
0011407	0000098
0011408	0001511
0011410	0001197
0011423	0001939
0011431	0001197
0011433	0002686
0011434	0002686
0011439	0003201
0011440	0003201
0011462	0003581
0011463	0003674
0011466	0005264
0011467	0011466
0011478	0000528
0011481	0000614
0011483	0007833
0011487	0000481
0011488	0000481
0011496	0000481
0011497	0007905
0011502	0000478
0011506	0001103
0011508	0000479
0011508	0001103
0011510	0000479
0011515	0000504
0011527	0000478
0011530	0000479
0011531	0004327
0011532	0001147
0011537	0001627
0011565	0001627
0011599	0001627
0011627	0001679
0011675	0011025
0011703	0011675
0011729	0001367
0011730	0000707
0011735	0000846
0011742	0000834
0011743	0000834
0011788	0002926
0011790	0002926
0011800	0000309
0011805	0003011
0011809	0002486
0011813	0002011
0011814	0001939
0011822	0000271
0011823	0000271
0011824	0000271
0011830	0000163
0011832	0000366
0011833	0000366
0011838	0001072
0011847	0010622
0011848	0002027
0011849	0003330
0011855	0000600
0011855	0000969
0011857	0004377
0011858	0003256
0011864	0001939
0011869	0001872
0011875	0001872
0011877	0001872
0011883	0011875
0011884	0001892
0011886	0000478
0011886	0011029
0011889	0001892
0011892	0100508
0011893	0001881
0011896	0000478
0011896	0011029
0011900	0003256
0011902	0001877
0011903	0011902
0011904	0011902
0011912	0000782
0011912	0003043
0011913	0000998
0011914	0000998
0011916	0002814
0011916	0003011
0011926	0001780
0011927	0002813
0011929	0001167
0011930	0000974
0011944	0002633
0011947	0002088
0011959	0003011
0011964	0100022
0011966	0004337
0011967	0001939
0011968	0011458
0011969	0003117
0011970	0011034
0011973	0001254
0011974	0012145
0011975	0000365
0011980	0001081
0011981	0001081
0011984	0011466
0011985	0001396
0011987	0011849
0011988	0011849
0011989	0011849
0011996	0003256
0011998	0003074
0011999	0000746
0012001	0002353
0012005	0007359
0012019	0001083
0012021	0001626
0012022	0001626
0012023	0004915
0012024	0004915
0012026	0004337
0012027	0000969
0012027	0001600
0012028	0002896
0012032	0002664
0012032	0009124
0012033	0012032
0012034	0002664
0012034	0009124
0012035	0008069
0012036	0003202
0012037	0003011
0012037	0003202
0012038	0011488
0012039	0011488
0012040	0000481
0012040	0000969
0012041	0000144
0012043	0000639
0012045	0000479
0012046	0001284
0012046	0002817
0012047	0000504
0012050	0007430
0012051	0001943
0012052	0100511
0012056	0002861
0012056	0008069
0012060	0012056
0012061	0010471
0012062	0003330
0012064	0012062
0012066	0010471
0012068	0001939
0012071	0004359
0012075	0000708
0012084	0004303
0012087	0008322
0012089	0002597
0012090	0001732
0012092	0001732
0012093	0000818
0012093	0001732
0012098	0000969
0012103	0001939
0012107	0000924
0012107	0002813
0012107	0002814
0012107	0002991
0012107	0005622
0012108	0000501
0012113	0004337
0012115	0001392
0012115	0010978
0012118	0001600
0012118	0002086
0012118	0002664
0012119	0011902
0012133	0001877
0012135	0005561
0012140	0005561
0012142	0002894
0012143	0005561
0012145	0005561
0012153	0003119
0012155	0000481
0012158	0005344
0012163	0005344
0012165	0002813
0012172	0000733
0012173	0002270
0012175	0003256
0012180	0002597
0012182	0002860
0012187	0010472
0012188	0002686
0012189	0002665
0012199	0002315
0012201	0003256
0012202	0001939
0012205	0012864
0012207	0000025
0012208	0000025
0012218	0100242
0012219	0011123
0012221	0011356
0012223	0001743
0012224	0010978
0012230	0000541
0012232	0003115
0012233	0011805
0012236	0001939
0012239	0001939
0012241	0000315
0012241	0000492
0012241	0003011
0012241	0011805
0012242	0000315
0012242	0003011
0012244	0000078
0012245	0012244
0012248	0003115
0012251	0003115
0012252	0002086
0012254	0100242
0012256	0005938
0012257	0005938
0012258	0005938
0012260	0005938
0012262	0002795
0012263	0012262
0012265	0012262
0012267	0005938
0012268	0012034
0012270	0004303
0012271	0002781
0012272	0003115
0012273	0005344
0012275	0000006
0012276	0100261
0012277	0004337
0012277	0100508
0012279	0100508
0012280	0001392
0012280	0011034
0012281	0001541
0012288	0002664
0012290	0012288
0012294	0000929
0012297	0001167
0012303	0001679
0012309	0011034
0012315	0002664
0012318	0002315
0012322	0011123
0012327	0002597
0012334	0001396
0012340	0001939
0012343	0011031
0012344	0001072
0012368	0001999
0012369	0000309
0012369	0000929
0012371	0000309
0012375	0000315
0012377	0001123
0012382	0011025
0012384	0000366
0012391	0001265
0012391	0002817
0012393	0100326
0012398	0000969
0012410	0001877
0012411	0000826
0012412	0100000
0012418	0002795
0012424	0000532
0012432	0012378
0012433	0000708
0012434	0000707
0012434	0012433
0012440	0001080
0012443	0002011
0012447	0012639
0012448	0012447
0012450	0002019
0012451	0002019
0012452	0002360
0012455	0002597
0012455	0004934
0012462	0001336
0012463	0011031
0012464	0011031
0012465	0001392
0012465	0011031
0012469	0011097
0012471	0000159
0012472	0000159
0012490	0009124
0012490	0010978
0012500	0200034
0012507	0001324
0012507	0030319
0012508	0000504
0012509	0001939
0012514	0009763
0012517	0001939
0012521	0000478
0012521	0000587
0012521	0008056
0012533	0012531
0012535	0000707
0012537	0001939
0012539	0002665
0012542	0001805
0012544	0001939
0012548	0011805
0012549	0000315
0012556	0004337
0012557	0002353
0012559	0002926
0012560	0002926
0012570	0100242
0012620	0000119
0012620	0010866
0012621	0012620
0012631	0000593
0012634	0008034
0012636	0008046
0012639	0000707
0012658	0000707
0012664	0003116
0012664	0005162
0012671	0000708
0012680	0000818
0012704	0002011
0012715	0000365
0012718	0011024
0012719	0011024
0012721	0002597
0012722	0011675
0012725	0001159
0012726	0002900
0012732	0012718
0012733	0000951
0012735	0002795
0012736	0001263
0012740	0008069
0012742	0001231
0012742	0001816
0012743	0001513
0012746	0001816
0012746	0008388
0012761	0000264
0012763	0002094
0012767	0001197
0012771	0002817
0012795	0000587
0012796	0012795
0012802	0000277
0012810	0000366
0012814	0003187
0012841	0008046
0012844	0008069
0012846	0012844
0012864	0000078
0012868	0012864
0012872	0000022
0012894	0003712
0012899	0002486
0012905	0000492
0020006	0000589
0030005	0002597
0030005	0011025
0030006	0003457
0030007	0003482
0030014	0000078
0030016	0030014
0030018	0030014
0030019	0030014
0030032	0000924
0030032	0001760
0030032	0002813
0030032	0002814
0030032	0009815
0030041	0003468
0030046	0004303
0030049	0002011
0030050	0002360
0030051	0001288
0030053	0000951
0030055	0001795
0030056	0010719
0030057	0002960
0030071	0002664
0030083	0100738
0030084	0002813
0030087	0000818
0030087	0003117
0030088	0003077
0030088	0030087
0030088	0030348
0030142	0011458
0030144	0030142
0030145	0030142
0030146	0001392
0030148	0011025
0030149	0011025
0030151	0010978
0030151	0012440
0030164	0002597
0030164	0011025
0030177	0000707
0030190	0001252
0030195	0003473
0030196	0003473
0030200	0003473
0030205	0030006
0030205	0100285
0030212	0000722
0030213	0000708
0030216	0000708
0030223	0000708
0030230	0004303
0030234	0003236
0030237	0001155
0030237	0002817
0030237	0003011
0030242	0004936
0030258	0000811
0030269	0003117
0030270	0001877
0030270	0001939
0030271	0001877
0030273	0001877
0030273	0001939
0030319	0000271
0030319	0003011
0030320	0005108
0030323	0002597
0030329	0000479
0030330	0005930
0030341	0003117
0030344	0003117
0030348	0003117
0030349	0003117
0030353	0003117
0030355	0010978
0030362	0004303
0030362	0004359
0030368	0001167
0030369	0001197
0030391	0002463
0030402	0011869
0030431	0010622
0030434	0008069
0030451	0100016
0030454	0000478
0030490	0007773
0030500	0000479
0030500	0001103
0030502	0000479
0030507	0000479
0030532	0007663
0030588	0001123
0030609	0000478
0030629	0000478
0030644	0001123
0030663	0004327
0030664	0009023
0030680	0001626
0030685	0003117
0030688	0003117
0030765	0002360
0030880	0002597
0030880	0011025
0040016	0008519
0040047	0003011
0040049	0000969
0040049	0001103
0040084	0000818
0040085	0000818
0040090	0000356
0040090	0000370
0040141	0100660
0040142	0001939
0040148	0001336
0040166	0000924
0040171	0030087
0040171	0030349
0040188	0001367
0040188	0010885
0040189	0000951
0040196	0000929
0040217	0011902
0045037	0000271
0045037	0003011
0045040	0001939
0045054	0000707
0045061	0001392
0045061	0004359
0100000	0000818
0100006	0002011
0100006	0004375
0100008	0000759
0100008	0004375
0100012	0000478
0100012	0002664
0100013	0000769
0100013	0002664
0100014	0001103
0100018	0010920
0100019	0010920
0100021	0000707
0100021	0100022
0100022	0000707
0100024	0000708
0100025	0012433
0100026	0002597
0100027	0001733
0100028	0008188
0100031	0000818
0100031	0000820
0100031	0002664
0100033	0100022
0100034	0100033
0100038	0001595
0100038	0001965
0100038	0002217
0100168	0005930
0100240	0011729
0100242	0002664
0100243	0100242
0100244	0100242
0100245	0007378
0100245	0010614
0100245	0100244
0100246	0010622
0100247	0002795
0100249	0003011
0100249	0010766
0100252	0000940
0100252	0002652
0100253	0000940
0100255	0000944
0100255	0002652
0100256	0002011
0100257	0002813
0100258	0010442
0100259	0010442
0100260	0010442
0100261	0000924
0100267	0000159
0100267	0100276
0100276	0000951
0100277	0000383
0100277	0100276
0100280	0004386
0100284	0003457
0100285	0003457
0100288	0002411
0100288	0003457
0100291	0000707
0100291	0030177
0100295	0004303
0100299	0004303
0100324	0001072
0100326	0010978
0100444	0001780
0100491	0001367
0100491	0002814
0100493	0001939
0100495	0001881
0100495	0003549
0100503	0100508
0100508	0001939
0100511	0100508
0100512	0100511
0100513	0100514
0100514	0100508
0100521	0000777
0100521	0002664
0100524	0002813
0100526	0002086
0100526	0002088
0100526	0002664
0100530	0001939
0100532	0000591
0100532	0100533
0100533	0000478
0100533	0010978
0100534	0000591
0100534	0100533
0100537	0003549
0100537	0010978
0100539	0000271
0100539	0000282
0100541	0004299
0100543	0000707
0100544	0001627
0100544	0002664
0100545	0002597
0100546	0005344
0100546	0100545
0100550	0100261
0100553	0001528
0100553	0010496
0100553	0100559
0100554	0001528
0100554	0010484
0100554	0100560
0100556	0009826
0100556	0100555
0100559	0002814
0100559	0100555
0100560	0002817
0100560	0100555
0100574	0007378
0100574	0012440
0100576	0000504
0100577	0000014
0100577	0010978
0100578	0009125
0100582	0000366
0100583	0000481
0100589	0000119
0100593	0000924
0100593	0010766
0100594	0002031
0100596	0005288
0100598	0000969
0100598	0002088
0100601	0002686
0100602	0002686
0100607	0000858
0100614	0010978
0100614	0011805
0100625	0000765
0100626	0001399
0100628	0002031
0100629	0002006
0100630	0001739
0100630	0002086
0100630	0002664
0100631	0000818
0100631	0000834
0100631	0002664
0100633	0002031
0100633	0004386
0100634	0000759
0100634	0000818
0100634	0002664
0100634	0004375
0100641	0100631
0100642	0100631
0100643	0001597
0100644	0100643
0100646	0000820
0100646	0010978
0100649	0000163
0100649	0002664
0100651	0000819
0100654	0000587
0100654	0010978
0100657	0000765
0100657	0010866
0100658	0003549
0100660	0100022
0100662	0000924
0100662	0010978
0100663	0000356
0100665	0000969
0100665	0011276
0100668	0002242
0100668	0012718
0100670	0100671
0100671	0003330
0100678	0007495
0100679	0000951
0100686	0003549
0100689	0000481
0100693	0000525
0100694	0002992
0100697	0100242
0100698	0000759
0100698	0004375
0100698	0008069
0100698	0010614
0100699	0003549
0100702	0002011
0100703	0000733
0100704	0000505
0100709	0002011
0100710	0006919
0100711	0000765
0100711	0000925
0100716	0006919
0100719	0000589
0100720	0000377
0100723	0007378
0100724	0001928
0100725	0000951
0100729	0001999
0100730	0002088
0100732	0012090
0100734	0003468
0100734	0005930
0100735	0000822
0100738	0000708
0100739	0100738
0100742	0002597
0100742	0002664
0100745	0009811
0100748	0000969
0100748	0011805
0100749	0000765
0100749	0012531
0100750	0002088
0100751	0002031
0100751	0007378
0100751	0012288
0100752	0030146
0100753	0000708
0100754	0000708
0100758	0001939
0100760	0001217
0100760	0001780
0100763	0002715
0100764	0010566
0100764	0100763
0100765	0100763
0100769	0001367
0100771	0002579
0100773	0000924
0100774	0000924
0100777	0010622
0100778	0010978
0100780	0000315
0100780	0010566
0100780	0100012
0100783	0010311
0100785	0002360
0100786	0002360
0100790	0003549
0100792	0000951
0100795	0000925
0100797	0002164
0100797	0008388
0100798	0001231
0100798	0002164
0100799	0000370
0100799	0000598
0100799	0002664
0100800	0012090
0100801	0100800
0100803	0001597
0100803	0011356
0100804	0001597
0100804	0002664
0100804	0010614
0100804	0100803
0100806	0010978
0100807	0001167
0100809	0001965
0100814	0003764
0100818	0100625
0100819	0002242
0100823	0100790
0100825	0000159
0100829	0000769
0100830	0000377
0100832	0000504
0100832	0004327
0100833	0007378
0100840	0000534
0100845	0100326
0100853	0000769
0100861	0003468
0100864	0002823
0100864	0003367
0100864	0005613
0100864	0009103
0100865	0003272
0100872	0001760
0100872	0011356
0100874	0011357
0100876	0000271
0100898	0003549
0100898	0003764
0100959	0000944
0100962	0012433
0200003	0005930
0200008	0002242
0200008	0007378
0200016	0011368
0200016	0200036
0200020	0000481
0200021	0003043
0200024	0002916
0200025	0000277
0200025	0012531
0200026	0000478
0200026	0012531
0200029	0002633
0200029	0011276
0200034	0000951
0200035	0000951
0200036	0000951
0200037	0000951
0200039	0011123
0200040	0000951
0200041	0000951
0200042	0000951
0200043	0012740
0200044	0011368
0200046	0001608
0200047	0000377
0200055	0001155
0200055	0002813
0200055	0002817
0200055	0009815
0200064	0008034
0200065	0000532
0200067	0005268
0200084	0012115
0200114	0001939
0200118	0004341
0200123	0012115
0200125	0003287
0200133	0000925
0200134	0001298
0200136	0000600
0200136	0002015
0200146	0001679
0200146	0012180
0400000	0000271
0400004	0000377
0430005	0000929
0430007	0000492
0430028	0000326
3000005	0045037
3000010	0000271
3000010	0003011
3000032	0002597
3000032	0005344
3000037	0000464
3000037	0002597
3000040	0000929
3000042	0002597
3000042	3000037
3000077	0000153
3000077	0000277
